DAU;002
0001;931200;20160218;134220;;;
931100;20160218;134220;803827
931107;20150930;065859;Begin;1.044056;0.125745;0.000000;4.000000;;;;;;;;;;;;;;;;;;;;;;;;;;;0800-EV-134-20-11941;;1;
931107;20150930;065921;;1.044056;0.125744;0.005600;12.000000;;;;;;;;;;;;;;;;;;;;;;;;;;;0800-EV-134-20-11944;;1;
931107;20150930;065927;;1.044059;0.125736;0.036326;21.000000;;;;;;;;;;;;;;;;;;;;;;;;;;;0800-EV-134-20-11975;;1;
931107;20150930;065945;;1.044078;0.125699;0.206809;42.000000;;;;;;;;;;;;;;;;;;;;;;;;;;;0800-EV-134-20-12145;;1;
931107;20150930;065957;;1.044097;0.125664;0.369447;55.000000;;;;;;;;;;;;;;;;;;;;;;;;;;;0800-EV-134-20-12307;;1;
931107;20150930;070007;;1.044114;0.125630;0.524156;58.000000;;;;;;;;;;;;;;;;;;;;;;;;;;;0800-EV-134-20-12462;;1;
931107;20150930;070017;;1.044130;0.125590;0.687023;60.000000;;;;;;;;;;;;;;;;;;;;;;;;;;;0800-EV-134-20-12625;;1;
931107;20150930;070026;;1.044138;0.125544;0.846173;63.000000;;;;;;;;;;;;;;;;;;;;;;;;;;;0800-EV-134-20-12784;;1;
931107;20150930;070036;;1.044139;0.125491;1.017558;59.000000;;;;;;;;;;;;;;;;;;;;;;;;;;;0800-EV-134-20-12956;;1;
931107;20150930;070045;;1.044145;0.125444;1.173431;67.000000;;;;;;;;;;;;;;;;;;;;;;;;;;;0800-EV-134-20-13114;;1;
931107;20150930;070054;;1.044157;0.125395;1.346447;67.000000;;;;;;;;;;;;;;;;;;;;;;;;;;;0800-EV-134-20-13287;;1;
931107;20150930;070103;;1.044171;0.125351;1.518087;75.000000;;;;;;;;;;;;;;;;;;;;;;;;;;;0800-EV-134-20-13461;;1;
931107;20150930;070110;;1.044188;0.125314;1.673133;80.000000;;;;;;;;;;;;;;;;;;;;;;;;;;;0800-EV-134-20-13616;;1;
931107;20150930;070117;;1.044204;0.125277;1.834154;84.000000;;;;;;;;;;;;;;;;;;;;;;;;;;;0800-EV-134-20-13777;;1;
931107;20150930;070124;;1.044221;0.125236;2.003999;87.000000;;;;;;;;;;;;;;;;;;;;;;;;;;;0800-EV-134-20-13947;;1;
931107;20150930;070132;;1.044242;0.125195;2.190535;77.000000;;;;;;;;;;;;;;;;;;;;;;;;;;;0800-EV-134-20-14135;;1;
931107;20150930;070140;;1.044268;0.125183;2.363872;79.000000;;;;;;;;;;;;;;;;;;;;;;;;;;;0800-EV-134-20-14309;;1;
931107;20150930;070148;;1.044298;0.125182;2.553178;87.000000;;;;;;;;;;;;;;;;;;;;;;;;;;;0800-EV-134-20-14499;;1;
931107;20150930;070155;;1.044324;0.125178;2.720822;84.000000;;;;;;;;;;;;;;;;;;;;;;;;;;;0800-EV-134-20-14666;;1;
931107;20150930;070202;;1.044348;0.125161;2.881722;83.000000;;;;;;;;;;;;;;;;;;;;;;;;;;;0800-EV-134-20-14826;;1;
931107;20150930;070209;;1.044369;0.125129;3.052429;90.000000;;;;;;;;;;;;;;;;;;;;;;;;;;;0800-EV-134-20-14995;;1;
931107;20150930;070215;;1.044385;0.125094;3.205496;91.000000;;;;;;;;;;;;;;;;;;;;;;;;;;;0800-EV-134-20-15148;;1;
931107;20150930;070222;;1.044403;0.125055;3.373513;80.000000;;;;;;;;;;;;;;;;;;;;;;;;;;;0800-EV-134-20-15316;;1;
931107;20150930;070230;;1.044423;0.125019;3.547898;76.000000;;;;;;;;;;;;;;;;;;;;;;;;;;;0800-EV-134-20-15491;;1;
931107;20150930;070238;;1.044444;0.124984;3.720344;77.000000;;;;;;;;;;;;;;;;;;;;;;;;;;;0800-EV-134-20-15664;;1;
931107;20150930;070245;;1.044458;0.124945;3.874385;82.000000;;;;;;;;;;;;;;;;;;;;;;;;;;;0800-EV-134-20-15817;;1;
931107;20150930;070252;;1.044468;0.124899;4.037659;82.000000;;;;;;;;;;;;;;;;;;;;;;;;;;;0800-EV-134-20-15981;;1;
931107;20150930;070259;;1.044477;0.124853;4.195609;80.000000;;;;;;;;;;;;;;;;;;;;;;;;;;;1200-EV-134-1-153;;1;
931107;20150930;070307;;1.044487;0.124806;4.359058;68.000000;;;;;;;;;;;;;;;;;;;;;;;;;;;1200-EV-134-1-317;;1;
931107;20150930;070316;;1.044497;0.124759;4.521988;64.000000;;;;;;;;;;;;;;;;;;;;;;;;;;;1200-EV-134-1-480;;1;
931107;20150930;070326;;1.044508;0.124705;4.706406;65.000000;;;;;;;;;;;;;;;;;;;;;;;;;;;1200-EV-134-1-665;;1;
931107;20150930;070335;;1.044517;0.124661;4.860819;58.000000;;;;;;;;;;;;;;;;;;;;;;;;;;;1200-EV-134-1-819;;1;
931107;20150930;070345;;1.044526;0.124615;5.017203;54.000000;;;;;;;;;;;;;;;;;;;;;;;;;;;1200-EV-134-1-976;;1;
931107;20150930;070356;;1.044535;0.124569;5.175781;48.000000;;;;;;;;;;;;;;;;;;;;;;;;;;;1200-EV-134-1-1134;;1;
931107;20150930;070409;;1.044543;0.124521;5.339409;42.000000;;;;;;;;;;;;;;;;;;;;;;;;;;;1200-EV-134-1-1298;;1;
931107;20150930;070422;;1.044548;0.124473;5.494681;45.000000;;;;;;;;;;;;;;;;;;;;;;;;;;;1200-EV-134-1-1453;;1;
931107;20150930;070435;;1.044553;0.124424;5.654336;40.000000;;;;;;;;;;;;;;;;;;;;;;;;;;;1200-EV-134-1-1613;;1;
931107;20150930;070450;;1.044558;0.124374;5.820459;36.000000;;;;;;;;;;;;;;;;;;;;;;;;;;;1200-EV-134-1-1779;;1;
931107;20150930;070506;;1.044563;0.124324;5.981973;36.000000;;;;;;;;;;;;;;;;;;;;;;;;;;;1200-EV-134-1-1940;;1;
931107;20150930;070522;;1.044568;0.124274;6.144592;35.000000;;;;;;;;;;;;;;;;;;;;;;;;;;;1200-EV-134-1-2103;;1;
931107;20150930;070538;;1.044573;0.124225;6.305339;37.000000;;;;;;;;;;;;;;;;;;;;;;;;;;;1200-EV-134-1-2264;;1;
931107;20150930;070553;;1.044578;0.124175;6.470691;40.000000;;;;;;;;;;;;;;;;;;;;;;;;;;;1200-EV-134-1-2429;;1;
931107;20150930;070607;;1.044583;0.124126;6.629793;40.000000;;;;;;;;;;;;;;;;;;;;;;;;;;;1200-EV-134-1-2588;;1;
931107;20150930;070624;;1.044588;0.124074;6.799739;30.000000;;;;;;;;;;;;;;;;;;;;;;;;;;;1200-EV-134-1-2758;;1;
931107;20150930;070744;;1.044593;0.124022;6.968022;20.000000;;;;;;;;;;;;;;;;;;;;;;;;;;;1200-EV-134-1-2927;;1;
931107;20150930;070801;;1.044598;0.123971;7.134717;43.000000;;;;;;;;;;;;;;;;;;;;;;;;;;;1200-EV-134-1-3093;;1;
931107;20150930;070814;;1.044600;0.123922;7.294285;43.000000;;;;;;;;;;;;;;;;;;;;;;;;;;;1200-EV-134-1-3252;;1;
931107;20150930;070826;;1.044597;0.123874;7.447502;51.000000;;;;;;;;;;;;;;;;;;;;;;;;;;;1200-EV-134-1-3405;;1;
931107;20150930;070837;;1.044591;0.123824;7.612415;55.000000;;;;;;;;;;;;;;;;;;;;;;;;;;;1200-EV-134-1-3570;;1;
931107;20150930;070847;;1.044586;0.123775;7.774678;58.000000;;;;;;;;;;;;;;;;;;;;;;;;;;;1200-EV-134-1-3732;;1;
931107;20150930;070857;;1.044579;0.123727;7.933387;54.000000;;;;;;;;;;;;;;;;;;;;;;;;;;;1200-EV-134-1-3891;;1;
931107;20150930;070908;;1.044573;0.123677;8.098037;55.000000;;;;;;;;;;;;;;;;;;;;;;;;;;;1200-EV-134-50-144;;1;
931107;20150930;070918;;1.044569;0.123629;8.253763;52.000000;;;;;;;;;;;;;;;;;;;;;;;;;;;1200-EV-134-50-301;;1;
931107;20150930;070931;;1.044569;0.123577;8.420511;43.000000;;;;;;;;;;;;;;;;;;;;;;;;;;;1200-EV-134-50-469;;1;
931107;20150930;070943;;1.044566;0.123527;8.581418;50.000000;;;;;;;;;;;;;;;;;;;;;;;;;;;1200-EV-134-50-629;;1;
931107;20150930;070955;;1.044560;0.123477;8.745923;48.000000;;;;;;;;;;;;;;;;;;;;;;;;;;;1200-EV-134-50-793;;1;
931107;20150930;071008;;1.044553;0.123427;8.912035;47.000000;;;;;;;;;;;;;;;;;;;;;;;;;;;1200-EV-134-50-959;;1;
931107;20150930;071020;;1.044542;0.123381;9.074220;52.000000;;;;;;;;;;;;;;;;;;;;;;;;;;;1200-EV-134-50-1122;;1;
931107;20150930;071030;;1.044538;0.123338;9.218326;49.000000;;;;;;;;;;;;;;;;;;;;;;;;;;;1200-EV-134-50-1266;;1;
931107;20150930;071043;;1.044539;0.123287;9.381598;44.000000;;;;;;;;;;;;;;;;;;;;;;;;;;;1200-EV-134-50-1430;;1;
931107;20150930;071058;;1.044533;0.123237;9.545945;35.000000;;;;;;;;;;;;;;;;;;;;;;;;;;;1200-EV-134-50-1594;;1;
931107;20150930;071106;;1.044528;0.123217;9.619802;33.000000;;;;;;;;;;;;;;;;;;;;;;;;;;;1200-EV-134-50-1669;;1;
931107;20150930;071122;;1.044508;0.123188;9.777590;36.000000;;;;;;;;;;;;;;;;;;;;;;;;;;;1200-EV-134-50-1827;;1;
931107;20150930;071138;;1.044487;0.123159;9.941115;36.000000;;;;;;;;;;;;;;;;;;;;;;;;;;;1200-EV-134-50-1991;;1;
931107;20150930;071154;;1.044463;0.123141;10.102080;34.000000;;;;;;;;;;;;;;;;;;;;;;;;;;;1200-EV-134-50-2153;;1;
931107;20150930;071203;;1.044452;0.123139;10.177747;22.000000;;;;;;;;;;;;;;;;;;;;;;;;;;;1200-EV-134-50-2229;;1;
931107;20150930;071206;;1.044451;0.123145;10.197521;22.000000;;;;;;;;;;;;;;;;;;;;;;;;;;;1200-EV-134-50-2250;;1;
931107;20150930;071208;;1.044451;0.123149;10.211381;24.000000;;;;;;;;;;;;;;;;;;;;;;;;;;;1200-EV-134-50-2269;;1;
931107;20150930;071216;;1.044451;0.123159;10.244661;18.000000;;;;;;;;;;;;;;;;;;;;;;;;;;;1200-EV-134-50-2313;;1;
931107;20150930;071218;;1.044450;0.123158;10.256071;23.000000;;;;;;;;;;;;;;;;;;;;;;;;;;;1200-EV-134-50-2325;;1;
931107;20150930;071221;;1.044447;0.123155;10.274329;24.000000;;;;;;;;;;;;;;;;;;;;;;;;;;;1200-EV-134-50-2343;;1;
931107;20150930;071234;;1.044437;0.123131;10.373654;28.000000;;;;;;;;;;;;;;;;;;;;;;;;;;;1200-EV-134-50-2441;;1;
931107;20150930;071244;;1.044429;0.123113;10.453960;32.000000;;;;;;;;;;;;;;;;;;;;;;;;;;;1200-EV-134-50-2527;;1;
931107;20150930;071256;;1.044416;0.123089;10.569349;38.000000;;;;;;;;;;;;;;;;;;;;;;;;;;;1200-EV-134-50-2647;;1;
931107;20150930;071312;;1.044408;0.123039;10.736678;37.000000;;;;;;;;;;;;;;;;;;;;;;;;;;;1200-EV-134-50-2817;;1;
931107;20150930;071328;;1.044407;0.122986;10.906414;39.000000;;;;;;;;;;;;;;;;;;;;;;;;;;;1200-EV-134-50-2987;;1;
931107;20150930;071343;;1.044406;0.122937;11.065516;34.000000;;;;;;;;;;;;;;;;;;;;;;;;;;;1200-EV-134-50-3147;;1;
931107;20150930;071353;;1.044401;0.122903;11.177689;44.000000;;;;;;;;;;;;;;;;;;;;;;;;;;;1200-EV-134-50-3257;;1;
931107;20150930;071406;;1.044387;0.122861;11.341515;42.000000;;;;;;;;;;;;;;;;;;;;;;;;;;;1200-EV-134-50-3421;;1;
931107;20150930;071420;;1.044376;0.122812;11.511681;38.000000;;;;;;;;;;;;;;;;;;;;;;;;;;;1200-EV-134-50-3592;;1;
931107;20150930;071435;;1.044363;0.122769;11.674816;38.000000;;;;;;;;;;;;;;;;;;;;;;;;;;;1200-EV-134-50-3755;;1;
931107;20150930;071451;;1.044351;0.122721;11.847780;37.000000;;;;;;;;;;;;;;;;;;;;;;;;;;;1200-EV-134-50-3928;;1;
931107;20150930;071509;;1.044337;0.122678;12.008769;34.000000;;;;;;;;;;;;;;;;;;;;;;;;;;;1200-EV-134-50-4089;;1;
931107;20150930;071526;;1.044321;0.122630;12.194858;44.000000;;;;;;;;;;;;;;;;;;;;;;;;;;;1200-EV-134-50-4276;;1;
931107;20150930;071540;;1.044307;0.122591;12.351508;41.000000;;;;;;;;;;;;;;;;;;;;;;;;;;;1200-EV-134-50-4438;;1;
931107;20150930;071555;;1.044300;0.122542;12.515133;34.000000;;;;;;;;;;;;;;;;;;;;;;;;;;;1200-EV-134-50-4604;;1;
931107;20150930;071605;;1.044296;0.122512;12.615501;34.000000;;;;;;;;;;;;;;;;;;;;;;;;;;;1200-EV-134-50-4704;;1;
931107;20150930;071610;;1.044299;0.122499;12.661480;32.000000;;;;;;;;;;;;;;;;;;;;;;;;;;;1200-EV-134-50-4751;;1;
931107;20150930;071615;;1.044300;0.122484;12.711722;40.000000;;;;;;;;;;;;;;;;;;;;;;;;;;;1200-EV-134-50-4801;;1;
931107;20150930;071628;;1.044292;0.122435;12.876087;47.000000;;;;;;;;;;;;;;;;;;;;;;;;;;;1200-EV-134-50-4964;;1;
931107;20150930;071641;;1.044291;0.122385;13.036821;42.000000;;;;;;;;;;;;;;;;;;;;;;;;;;;1200-EV-134-50-5125;;1;
931107;20150930;071655;;1.044288;0.122337;13.194480;39.000000;;;;;;;;;;;;;;;;;;;;;;;;;;;1200-EV-134-50-5284;;1;
931107;20150930;071709;;1.044292;0.122285;13.364982;42.000000;;;;;;;;;;;;;;;;;;;;;;;;;;;1200-EV-134-50-5454;;1;
931107;20150930;071723;;1.044300;0.122234;13.532055;38.000000;;;;;;;;;;;;;;;;;;;;;;;;;;;1200-EV-134-50-5622;;1;
931107;20150930;071738;;1.044312;0.122188;13.701312;41.000000;;;;;;;;;;;;;;;;;;;;;;;;;;;1200-EV-134-50-5792;;1;
931107;20150930;071752;;1.044329;0.122152;13.858928;37.000000;;;;;;;;;;;;;;;;;;;;;;;;;;;1200-EV-134-50-5950;;1;
931107;20150930;071807;;1.044346;0.122115;14.017908;42.000000;;;;;;;;;;;;;;;;;;;;;;;;;;;1200-EV-134-50-6110;;1;
931107;20150930;071823;;1.044359;0.122070;14.188333;38.000000;;;;;;;;;;;;;;;;;;;;;;;;;;;1200-EV-134-50-6281;;1;
931107;20150930;071840;;1.044374;0.122024;14.364678;36.000000;;;;;;;;;;;;;;;;;;;;;;;;;;;1200-EV-134-50-6459;;1;
931107;20150930;071857;;1.044392;0.121985;14.533745;37.000000;;;;;;;;;;;;;;;;;;;;;;;;;;;1200-EV-134-50-6630;;1;
931107;20150930;071907;;1.044395;0.121969;14.587160;6.000000;;;;;;;;;;;;;;;;;;;;;;;;;;;1200-EV-134-50-6683;;1;
931107;20150930;071909;;1.044395;0.121969;14.590389;6.000000;;;;;;;;;;;;;;;;;;;;;;;;;;;1200-EV-134-50-6686;;1;
931107;20150930;071927;;1.044404;0.121921;14.754842;40.000000;;;;;;;;;;;;;;;;;;;;;;;;;;;1200-EV-134-2-0;;1;
931107;20150930;071947;;1.044410;0.121894;14.850154;6.000000;;;;;;;;;;;;;;;;;;;;;;;;;;;1200-EV-134-2-94;;1;
931107;20150930;071948;;1.044410;0.121893;14.852257;7.000000;;;;;;;;;;;;;;;;;;;;;;;;;;;1200-EV-134-2-96;;1;
931107;20150930;071954;;1.044411;0.121891;14.863183;3.000000;;;;;;;;;;;;;;;;;;;;;;;;;;;1200-EV-134-2-105;;1;
931107;20150930;071956;;1.044411;0.121890;14.865766;4.000000;;;;;;;;;;;;;;;;;;;;;;;;;;;1200-EV-134-2-107;;1;
931107;20150930;071958;End;1.044412;0.121890;14.868349;3.000000;;;;;;;;;;;;;;;;;;;;;;;;;;;1200-EV-134-2-109;;1;
931107;20150930;075903;Begin;1.044408;0.121908;0.000000;18.000000;;;;;;;;;;;;;;;;;;;;;;;;;;;1200-EV-134-2-47;;1;
931107;20150930;075923;;1.044397;0.121956;0.169436;32.000000;;;;;;;;;;;;;;;;;;;;;;;;;;;1200-EV-134-1-9877;;1;
931107;20150930;075939;;1.044387;0.121997;0.316462;37.000000;;;;;;;;;;;;;;;;;;;;;;;;;;;1200-EV-134-50-6579;;1;
931107;20150930;075956;;1.044369;0.122034;0.478489;35.000000;;;;;;;;;;;;;;;;;;;;;;;;;;;1200-EV-134-50-6415;;1;
931107;20150930;080011;;1.044358;0.122076;0.631862;40.000000;;;;;;;;;;;;;;;;;;;;;;;;;;;1200-EV-134-50-6260;;1;
931107;20150930;080027;;1.044344;0.122120;0.798384;36.000000;;;;;;;;;;;;;;;;;;;;;;;;;;;1200-EV-134-50-6094;;1;
931107;20150930;080045;;1.044326;0.122159;0.969955;32.000000;;;;;;;;;;;;;;;;;;;;;;;;;;;1200-EV-134-50-5921;;1;
931107;20150930;080102;;1.044309;0.122196;1.129405;33.000000;;;;;;;;;;;;;;;;;;;;;;;;;;;1200-EV-134-50-5761;;1;
931107;20150930;080118;;1.044299;0.122239;1.280797;37.000000;;;;;;;;;;;;;;;;;;;;;;;;;;;1200-EV-134-50-5607;;1;
931107;20150930;080135;;1.044292;0.122287;1.440245;32.000000;;;;;;;;;;;;;;;;;;;;;;;;;;;1200-EV-134-50-5448;;1;
931107;20150930;080152;;1.044288;0.122335;1.597130;33.000000;;;;;;;;;;;;;;;;;;;;;;;;;;;1200-EV-134-50-5291;;1;
931107;20150930;080209;;1.044290;0.122383;1.752228;34.000000;;;;;;;;;;;;;;;;;;;;;;;;;;;1200-EV-134-50-5134;;1;
931107;20150930;080226;;1.044293;0.122434;1.916823;35.000000;;;;;;;;;;;;;;;;;;;;;;;;;;;1200-EV-134-50-4969;;1;
931107;20150930;080243;;1.044300;0.122482;2.079461;35.000000;;;;;;;;;;;;;;;;;;;;;;;;;;;1200-EV-134-50-4807;;1;
931107;20150930;080248;;1.044300;0.122498;2.129254;34.000000;;;;;;;;;;;;;;;;;;;;;;;;;;;1200-EV-134-50-4759;;1;
931107;20150930;080300;;1.044298;0.122531;2.239531;33.000000;;;;;;;;;;;;;;;;;;;;;;;;;;;1200-EV-134-50-4643;;1;
931107;20150930;080316;;1.044306;0.122576;2.391566;41.000000;;;;;;;;;;;;;;;;;;;;;;;;;;;1200-EV-134-50-4486;;1;
931107;20150930;080329;;1.044312;0.122615;2.523594;35.000000;;;;;;;;;;;;;;;;;;;;;;;;;;;1200-EV-134-50-4351;;1;
931107;20150930;080341;;1.044327;0.122651;2.677248;45.000000;;;;;;;;;;;;;;;;;;;;;;;;;;;1200-EV-134-50-4197;;1;
931107;20150930;080354;;1.044342;0.122692;2.839140;48.000000;;;;;;;;;;;;;;;;;;;;;;;;;;;1200-EV-134-50-4034;;1;
931107;20150930;080408;;1.044354;0.122736;2.999059;37.000000;;;;;;;;;;;;;;;;;;;;;;;;;;;1200-EV-134-50-3874;;1;
931107;20150930;080422;;1.044366;0.122780;3.158993;47.000000;;;;;;;;;;;;;;;;;;;;;;;;;;;1200-EV-134-50-3714;;1;
931107;20150930;080434;;1.044378;0.122823;3.317506;46.000000;;;;;;;;;;;;;;;;;;;;;;;;;;;1200-EV-134-50-3556;;1;
931107;20150930;080447;;1.044388;0.122868;3.475063;44.000000;;;;;;;;;;;;;;;;;;;;;;;;;;;1200-EV-134-50-3397;;1;
931107;20150930;080500;;1.044403;0.122911;3.642607;47.000000;;;;;;;;;;;;;;;;;;;;;;;;;;;1200-EV-134-50-3231;;1;
931107;20150930;080508;;1.044405;0.122942;3.743797;44.000000;;;;;;;;;;;;;;;;;;;;;;;;;;;1200-EV-134-50-3131;;1;
931107;20150930;080521;;1.044407;0.122991;3.902538;45.000000;;;;;;;;;;;;;;;;;;;;;;;;;;;1200-EV-134-50-2972;;1;
931107;20150930;080534;;1.044408;0.123042;4.065559;41.000000;;;;;;;;;;;;;;;;;;;;;;;;;;;1200-EV-134-50-2808;;1;
931107;20150930;080548;;1.044415;0.123088;4.220780;39.000000;;;;;;;;;;;;;;;;;;;;;;;;;;;1200-EV-134-50-2651;;1;
931107;20150930;080555;;1.044422;0.123104;4.288499;32.000000;;;;;;;;;;;;;;;;;;;;;;;;;;;1200-EV-134-50-2580;;1;
931107;20150930;080615;;1.044440;0.123136;4.444511;25.000000;;;;;;;;;;;;;;;;;;;;;;;;;;;1200-EV-134-50-2421;;1;
931107;20150930;080631;;1.044452;0.123160;4.556537;18.000000;;;;;;;;;;;;;;;;;;;;;;;;;;;1200-EV-134-50-2307;;1;
931107;20150930;080633;;1.044453;0.123157;4.567771;21.000000;;;;;;;;;;;;;;;;;;;;;;;;;;;1200-EV-134-50-2297;;1;
931107;20150930;080636;;1.044452;0.123153;4.584639;18.000000;;;;;;;;;;;;;;;;;;;;;;;;;;;1200-EV-134-50-2281;;1;
931107;20150930;080639;;1.044451;0.123148;4.602723;19.000000;;;;;;;;;;;;;;;;;;;;;;;;;;;1200-EV-134-50-2264;;1;
931107;20150930;080643;;1.044451;0.123140;4.627778;27.000000;;;;;;;;;;;;;;;;;;;;;;;;;;;1200-EV-134-50-2233;;1;
931107;20150930;080645;;1.044453;0.123138;4.639135;27.000000;;;;;;;;;;;;;;;;;;;;;;;;;;;1200-EV-134-50-2222;;1;
931107;20150930;080650;;1.044459;0.123138;4.678717;31.000000;;;;;;;;;;;;;;;;;;;;;;;;;;;1200-EV-134-50-2184;;1;
931107;20150930;080704;;1.044483;0.123153;4.841344;47.000000;;;;;;;;;;;;;;;;;;;;;;;;;;;1200-EV-134-50-2021;;1;
931107;20150930;080715;;1.044504;0.123183;5.006106;57.000000;;;;;;;;;;;;;;;;;;;;;;;;;;;1200-EV-134-50-1856;;1;
931107;20150930;080726;;1.044525;0.123214;5.171536;49.000000;;;;;;;;;;;;;;;;;;;;;;;;;;;1200-EV-134-50-1690;;1;
931107;20150930;080733;;1.044535;0.123234;5.262373;43.000000;;;;;;;;;;;;;;;;;;;;;;;;;;;1200-EV-134-50-1601;;1;
931107;20150930;080746;;1.044540;0.123284;5.425515;51.000000;;;;;;;;;;;;;;;;;;;;;;;;;;;1200-EV-134-50-1439;;1;
931107;20150930;080756;;1.044540;0.123333;5.582675;62.000000;;;;;;;;;;;;;;;;;;;;;;;;;;;1200-EV-134-50-1284;;1;
931107;20150930;080804;;1.044542;0.123378;5.731046;67.000000;;;;;;;;;;;;;;;;;;;;;;;;;;;1200-EV-134-50-1132;;1;
931107;20150930;080813;;1.044553;0.123425;5.897552;65.000000;;;;;;;;;;;;;;;;;;;;;;;;;;;1200-EV-134-50-965;;1;
931107;20150930;080822;;1.044560;0.123473;6.057207;62.000000;;;;;;;;;;;;;;;;;;;;;;;;;;;1200-EV-134-50-806;;1;
931107;20150930;080831;;1.044566;0.123520;6.213152;66.000000;;;;;;;;;;;;;;;;;;;;;;;;;;;1200-EV-134-50-650;;1;
931107;20150930;080839;;1.044568;0.123569;6.368378;67.000000;;;;;;;;;;;;;;;;;;;;;;;;;;;1200-EV-134-50-495;;1;
931107;20150930;080848;;1.044569;0.123619;6.529662;66.000000;;;;;;;;;;;;;;;;;;;;;;;;;;;1200-EV-134-50-333;;1;
931107;20150930;080857;;1.044573;0.123672;6.702090;64.000000;;;;;;;;;;;;;;;;;;;;;;;;;;;1200-EV-134-50-159;;1;
931107;20150930;080917;;1.044579;0.123721;6.864544;16.000000;;;;;;;;;;;;;;;;;;;;;;;;;;;1200-EV-134-600-2;;1;
931107;20150930;080932;;1.044586;0.123772;7.032710;57.000000;;;;;;;;;;;;;;;;;;;;;;;;;;;1200-EV-134-1-3740;;1;
931107;20150930;080941;;1.044591;0.123823;7.199353;75.000000;;;;;;;;;;;;;;;;;;;;;;;;;;;1200-EV-134-1-3573;;1;
931107;20150930;080949;;1.044597;0.123877;7.375754;79.000000;;;;;;;;;;;;;;;;;;;;;;;;;;;1200-EV-134-1-3397;;1;
931107;20150930;080956;;1.044599;0.123925;7.532671;81.000000;;;;;;;;;;;;;;;;;;;;;;;;;;;1200-EV-134-1-3240;;1;
931107;20150930;081003;;1.044598;0.123975;7.693004;83.000000;;;;;;;;;;;;;;;;;;;;;;;;;;;1200-EV-134-1-3080;;1;
931107;20150930;081010;;1.044592;0.124025;7.855715;82.000000;;;;;;;;;;;;;;;;;;;;;;;;;;;1200-EV-134-1-2917;;1;
931107;20150930;081017;;1.044588;0.124074;8.015351;82.000000;;;;;;;;;;;;;;;;;;;;;;;;;;;1200-EV-134-1-2757;;1;
931107;20150930;081024;;1.044582;0.124124;8.178180;84.000000;;;;;;;;;;;;;;;;;;;;;;;;;;;1200-EV-134-1-2594;;1;
931107;20150930;081031;;1.044577;0.124174;8.343746;86.000000;;;;;;;;;;;;;;;;;;;;;;;;;;;1200-EV-134-1-2429;;1;
931107;20150930;081038;;1.044573;0.124225;8.506792;81.000000;;;;;;;;;;;;;;;;;;;;;;;;;;;1200-EV-134-1-2266;;1;
931107;20150930;081045;;1.044568;0.124273;8.666049;82.000000;;;;;;;;;;;;;;;;;;;;;;;;;;;1200-EV-134-1-2107;;1;
931107;20150930;081052;;1.044562;0.124322;8.826676;82.000000;;;;;;;;;;;;;;;;;;;;;;;;;;;1200-EV-134-1-1946;;1;
931107;20150930;081059;;1.044558;0.124371;8.985770;79.000000;;;;;;;;;;;;;;;;;;;;;;;;;;;1200-EV-134-1-1787;;1;
931107;20150930;081107;;1.044552;0.124424;9.159010;78.000000;;;;;;;;;;;;;;;;;;;;;;;;;;;1200-EV-134-1-1614;;1;
931107;20150930;081114;;1.044547;0.124473;9.320735;86.000000;;;;;;;;;;;;;;;;;;;;;;;;;;;1200-EV-134-1-1452;;1;
931107;20150930;081121;;1.044541;0.124524;9.487004;84.000000;;;;;;;;;;;;;;;;;;;;;;;;;;;1200-EV-134-1-1285;;1;
931107;20150930;081128;;1.044534;0.124571;9.645159;78.000000;;;;;;;;;;;;;;;;;;;;;;;;;;;1200-EV-134-1-1127;;1;
931107;20150930;081136;;1.044524;0.124621;9.815775;77.000000;;;;;;;;;;;;;;;;;;;;;;;;;;;1200-EV-134-1-956;;1;
931107;20150930;081144;;1.044514;0.124670;9.987118;76.000000;;;;;;;;;;;;;;;;;;;;;;;;;;;1200-EV-134-1-784;;1;
931107;20150930;081151;;1.044505;0.124715;10.140705;80.000000;;;;;;;;;;;;;;;;;;;;;;;;;;;1200-EV-134-1-631;;1;
931107;20150930;081158;;1.044496;0.124759;10.294603;79.000000;;;;;;;;;;;;;;;;;;;;;;;;;;;1200-EV-134-1-477;;1;
931107;20150930;081205;;1.044487;0.124805;10.452029;82.000000;;;;;;;;;;;;;;;;;;;;;;;;;;;1200-EV-134-1-319;;1;
931107;20150930;081212;;1.044477;0.124851;10.613765;82.000000;;;;;;;;;;;;;;;;;;;;;;;;;;;1200-EV-134-1-158;;1;
931107;20150930;081219;;1.044468;0.124897;10.771620;78.000000;;;;;;;;;;;;;;;;;;;;;;;;;;;1200-EV-134-1-0;;1;
931107;20150930;081227;;1.044457;0.124945;10.938958;73.000000;;;;;;;;;;;;;;;;;;;;;;;;;;;0800-EV-134-20-15817;;1;
931107;20150930;081237;;1.044443;0.124984;11.094017;33.000000;;;;;;;;;;;;;;;;;;;;;;;;;;;0800-EV-134-20-15661;;1;
931107;20150930;081255;;1.044423;0.125018;11.262606;47.000000;;;;;;;;;;;;;;;;;;;;;;;;;;;0800-EV-134-20-15492;;1;
931107;20150930;081305;;1.044404;0.125051;11.422813;61.000000;;;;;;;;;;;;;;;;;;;;;;;;;;;0800-EV-134-20-15332;;1;
931107;20150930;081314;;1.044386;0.125089;11.591077;71.000000;;;;;;;;;;;;;;;;;;;;;;;;;;;0800-EV-134-20-15163;;1;
931107;20150930;081322;;1.044370;0.125125;11.747582;71.000000;;;;;;;;;;;;;;;;;;;;;;;;;;;0800-EV-134-20-15007;;1;
931107;20150930;081330;;1.044350;0.125157;11.909748;73.000000;;;;;;;;;;;;;;;;;;;;;;;;;;;0800-EV-134-20-14844;;1;
931107;20150930;081338;;1.044325;0.125176;12.081455;81.000000;;;;;;;;;;;;;;;;;;;;;;;;;;;0800-EV-134-20-14672;;1;
931107;20150930;081345;;1.044299;0.125181;12.248542;85.000000;;;;;;;;;;;;;;;;;;;;;;;;;;;0800-EV-134-20-14504;;1;
931107;20150930;081352;;1.044273;0.125182;12.411110;81.000000;;;;;;;;;;;;;;;;;;;;;;;;;;;0800-EV-134-20-14342;;1;
931107;20150930;081400;;1.044247;0.125189;12.582626;76.000000;;;;;;;;;;;;;;;;;;;;;;;;;;;0800-EV-134-20-14171;;1;
931107;20150930;081408;;1.044226;0.125222;12.753159;80.000000;;;;;;;;;;;;;;;;;;;;;;;;;;;0800-EV-134-20-14002;;1;
931107;20150930;081415;;1.044210;0.125260;12.911871;80.000000;;;;;;;;;;;;;;;;;;;;;;;;;;;0800-EV-134-20-13843;;1;
931107;20150930;081422;;1.044194;0.125296;13.065016;75.000000;;;;;;;;;;;;;;;;;;;;;;;;;;;0800-EV-134-20-13690;;1;
931107;20150930;081430;;1.044177;0.125337;13.238022;78.000000;;;;;;;;;;;;;;;;;;;;;;;;;;;0800-EV-134-20-13516;;1;
931107;20150930;081437;;1.044161;0.125373;13.391038;80.000000;;;;;;;;;;;;;;;;;;;;;;;;;;;0800-EV-134-20-13363;;1;
931107;20150930;081445;;1.044149;0.125422;13.567851;80.000000;;;;;;;;;;;;;;;;;;;;;;;;;;;0800-EV-134-20-13187;;1;
931107;20150930;081452;;1.044139;0.125466;13.721170;77.000000;;;;;;;;;;;;;;;;;;;;;;;;;;;0800-EV-134-20-13034;;1;
931107;20150930;081500;;1.044137;0.125519;13.893042;77.000000;;;;;;;;;;;;;;;;;;;;;;;;;;;0800-EV-134-20-12863;;1;
931107;20150930;081508;;1.044134;0.125570;14.057576;71.000000;;;;;;;;;;;;;;;;;;;;;;;;;;;0800-EV-134-20-12696;;1;
931107;20150930;081516;;1.044122;0.125611;14.210617;70.000000;;;;;;;;;;;;;;;;;;;;;;;;;;;0800-EV-134-20-12542;;1;
931107;20150930;081524;;1.044104;0.125649;14.377097;78.000000;;;;;;;;;;;;;;;;;;;;;;;;;;;0800-EV-134-20-12375;;1;
931107;20150930;081531;;1.044086;0.125682;14.531036;76.000000;;;;;;;;;;;;;;;;;;;;;;;;;;;0800-EV-134-20-12221;;1;
931107;20150930;081539;;1.044069;0.125716;14.688906;68.000000;;;;;;;;;;;;;;;;;;;;;;;;;;;0800-EV-134-20-12063;;1;
931107;20150930;081549;End;1.044056;0.125746;14.815071;29.000000;;;;;;;;;;;;;;;;;;;;;;;;;;;0800-EV-134-20-11940;;1;
931107;20150930;085459;Begin;1.044056;0.125748;0.000000;15.000000;;;;;;;;;;;;;;;;;;;;;;;;;;;0800-EV-134-20-11939;;1;
931107;20150930;085503;;1.044055;0.125745;0.013981;13.000000;;;;;;;;;;;;;;;;;;;;;;;;;;;0800-EV-134-20-11937;;1;
931107;20150930;085505;;1.044054;0.125746;0.024026;20.000000;;;;;;;;;;;;;;;;;;;;;;;;;;;0800-EV-134-20-11928;;1;
931107;20150930;085507;;1.044052;0.125748;0.036831;20.000000;;;;;;;;;;;;;;;;;;;;;;;;;;;0800-EV-134-20-11916;;1;
931107;20150930;085522;;1.044033;0.125784;0.203541;54.000000;;;;;;;;;;;;;;;;;;;;;;;;;;;0800-EV-134-20-11749;;1;
931107;20150930;085531;;1.044016;0.125819;0.360621;68.000000;;;;;;;;;;;;;;;;;;;;;;;;;;;0800-EV-134-20-11592;;1;
931107;20150930;085539;;1.043996;0.125856;0.532723;81.000000;;;;;;;;;;;;;;;;;;;;;;;;;;;0800-EV-134-20-11419;;1;
931107;20150930;085546;;1.043975;0.125888;0.701853;89.000000;;;;;;;;;;;;;;;;;;;;;;;;;;;0800-EV-134-20-11250;;1;
931107;20150930;085553;;1.043952;0.125913;0.871419;87.000000;;;;;;;;;;;;;;;;;;;;;;;;;;;0800-EV-134-20-11080;;1;
931107;20150930;085600;;1.043932;0.125942;1.031200;82.000000;;;;;;;;;;;;;;;;;;;;;;;;;;;0800-EV-134-20-10922;;1;
931107;20150930;085607;;1.043912;0.125976;1.197493;87.000000;;;;;;;;;;;;;;;;;;;;;;;;;;;0800-EV-134-20-10755;;1;
931107;20150930;085614;;1.043891;0.126010;1.369300;84.000000;;;;;;;;;;;;;;;;;;;;;;;;;;;0800-EV-134-20-10583;;1;
931107;20150930;085622;;1.043870;0.126043;1.539535;72.000000;;;;;;;;;;;;;;;;;;;;;;;;;;;0800-EV-134-20-10412;;1;
931107;20150930;085630;;1.043850;0.126075;1.702633;74.000000;;;;;;;;;;;;;;;;;;;;;;;;;;;0800-EV-134-20-10249;;1;
931107;20150930;085638;;1.043831;0.126110;1.869163;77.000000;;;;;;;;;;;;;;;;;;;;;;;;;;;0800-EV-134-20-10082;;1;
931107;20150930;085646;;1.043814;0.126150;2.036357;75.000000;;;;;;;;;;;;;;;;;;;;;;;;;;;0800-EV-134-20-9915;;1;
931107;20150930;085654;;1.043798;0.126190;2.200996;76.000000;;;;;;;;;;;;;;;;;;;;;;;;;;;0800-EV-134-20-9749;;1;
931107;20150930;085702;;1.043778;0.126225;2.372779;77.000000;;;;;;;;;;;;;;;;;;;;;;;;;;;0800-EV-134-20-9577;;1;
931107;20150930;085710;;1.043755;0.126250;2.541332;76.000000;;;;;;;;;;;;;;;;;;;;;;;;;;;0800-EV-134-20-9408;;1;
931107;20150930;085718;;1.043739;0.126293;2.712761;78.000000;;;;;;;;;;;;;;;;;;;;;;;;;;;0800-EV-134-20-9238;;1;
931107;20150930;085725;;1.043735;0.126342;2.873490;84.000000;;;;;;;;;;;;;;;;;;;;;;;;;;;0800-EV-134-20-9077;;1;
931107;20150930;085732;;1.043731;0.126394;3.042261;87.000000;;;;;;;;;;;;;;;;;;;;;;;;;;;0800-EV-134-20-8908;;1;
931107;20150930;085739;;1.043728;0.126445;3.207198;83.000000;;;;;;;;;;;;;;;;;;;;;;;;;;;0800-EV-134-20-8743;;1;
931107;20150930;085746;;1.043717;0.126490;3.368859;81.000000;;;;;;;;;;;;;;;;;;;;;;;;;;;0800-EV-134-20-8581;;1;
931107;20150930;085753;;1.043699;0.126522;3.522813;77.000000;;;;;;;;;;;;;;;;;;;;;;;;;;;0800-EV-134-20-8426;;1;
931107;20150930;085802;;1.043685;0.126561;3.677106;57.000000;;;;;;;;;;;;;;;;;;;;;;;;;;;0800-EV-134-20-8272;;1;
931107;20150930;085936;;1.043572;0.127081;5.496859;81.000000;;;;;;;;;;;;;;;;;;;;;;;;;;;0800-EV-134-20-6413;;1;
931107;20150930;085943;;1.043560;0.127124;5.654601;81.000000;;;;;;;;;;;;;;;;;;;;;;;;;;;0800-EV-134-20-6255;;1;
931107;20150930;085950;;1.043546;0.127164;5.811771;81.000000;;;;;;;;;;;;;;;;;;;;;;;;;;;0800-EV-134-20-6097;;1;
931107;20150930;085957;;1.043531;0.127204;5.969378;80.000000;;;;;;;;;;;;;;;;;;;;;;;;;;;0800-EV-134-20-5939;;1;
931107;20150930;090004;;1.043517;0.127243;6.126761;80.000000;;;;;;;;;;;;;;;;;;;;;;;;;;;0800-EV-134-20-5781;;1;
931107;20150930;090011;;1.043502;0.127282;6.282584;81.000000;;;;;;;;;;;;;;;;;;;;;;;;;;;0800-EV-134-20-5625;;1;
931107;20150930;090018;;1.043493;0.127327;6.439637;79.000000;;;;;;;;;;;;;;;;;;;;;;;;;;;0800-EV-134-20-5467;;1;
931107;20150930;090025;;1.043493;0.127376;6.596527;80.000000;;;;;;;;;;;;;;;;;;;;;;;;;;;0800-EV-134-20-5310;;1;
931107;20150930;090032;;1.043489;0.127424;6.753589;80.000000;;;;;;;;;;;;;;;;;;;;;;;;;;;0800-EV-134-20-5152;;1;
931107;20150930;090039;;1.043482;0.127471;6.910911;80.000000;;;;;;;;;;;;;;;;;;;;;;;;;;;0800-EV-134-20-4994;;1;
931107;20150930;090046;;1.043476;0.127517;7.063862;72.000000;;;;;;;;;;;;;;;;;;;;;;;;;;;0800-EV-134-20-4841;;1;
931107;20150930;090054;;1.043465;0.127558;7.212586;68.000000;;;;;;;;;;;;;;;;;;;;;;;;;;;0800-EV-134-20-4689;;1;
931107;20150930;090101;;1.043447;0.127573;7.343825;67.000000;;;;;;;;;;;;;;;;;;;;;;;;;;;0800-EV-134-20-4556;;1;
931107;20150930;090110;;1.043421;0.127566;7.510432;67.000000;;;;;;;;;;;;;;;;;;;;;;;;;;;0800-EV-134-20-4390;;1;
931107;20150930;090118;;1.043397;0.127578;7.670306;77.000000;;;;;;;;;;;;;;;;;;;;;;;;;;;0800-EV-134-20-4231;;1;
931107;20150930;090125;;1.043376;0.127601;7.823846;78.000000;;;;;;;;;;;;;;;;;;;;;;;;;;;0800-EV-134-20-4078;;1;
931107;20150930;090132;;1.043355;0.127629;7.980959;78.000000;;;;;;;;;;;;;;;;;;;;;;;;;;;0800-EV-134-20-3919;;1;
931107;20150930;090140;;1.043329;0.127641;8.154883;76.000000;;;;;;;;;;;;;;;;;;;;;;;;;;;0800-EV-134-20-3745;;1;
931107;20150930;090148;;1.043304;0.127658;8.320380;75.000000;;;;;;;;;;;;;;;;;;;;;;;;;;;0800-EV-134-20-3580;;1;
931107;20150930;090157;;1.043281;0.127683;8.492560;60.000000;;;;;;;;;;;;;;;;;;;;;;;;;;;0800-EV-134-20-3408;;1;
931107;20150930;090202;;1.043275;0.127706;8.576453;61.000000;;;;;;;;;;;;;;;;;;;;;;;;;;;0800-EV-134-20-3326;;1;
931107;20150930;090208;;1.043276;0.127738;8.682558;66.000000;;;;;;;;;;;;;;;;;;;;;;;;;;;0800-EV-134-20-3222;;1;
931107;20150930;090216;;1.043280;0.127785;8.836723;70.000000;;;;;;;;;;;;;;;;;;;;;;;;;;;0800-EV-134-20-3066;;1;
931107;20150930;090225;;1.043276;0.127837;9.004524;62.000000;;;;;;;;;;;;;;;;;;;;;;;;;;;0800-EV-134-20-2898;;1;
931107;20150930;090236;;1.043270;0.127886;9.168548;47.000000;;;;;;;;;;;;;;;;;;;;;;;;;;;0800-EV-134-20-2733;;1;
931107;20150930;090248;;1.043255;0.127925;9.325523;54.000000;;;;;;;;;;;;;;;;;;;;;;;;;;;0800-EV-134-20-2575;;1;
931107;20150930;090257;;1.043233;0.127949;9.484899;66.000000;;;;;;;;;;;;;;;;;;;;;;;;;;;0800-EV-134-20-2416;;1;
931107;20150930;090306;;1.043209;0.127967;9.649561;65.000000;;;;;;;;;;;;;;;;;;;;;;;;;;;0800-EV-134-20-2252;;1;
931107;20150930;090311;;1.043202;0.127991;9.741956;69.000000;;;;;;;;;;;;;;;;;;;;;;;;;;;0800-EV-134-20-2160;;1;
931107;20150930;090319;;1.043194;0.128039;9.903088;73.000000;;;;;;;;;;;;;;;;;;;;;;;;;;;0800-EV-134-20-1998;;1;
931107;20150930;090327;;1.043182;0.128084;10.070095;76.000000;;;;;;;;;;;;;;;;;;;;;;;;;;;0800-EV-134-20-1830;;1;
931107;20150930;090335;;1.043159;0.128113;10.242174;77.000000;;;;;;;;;;;;;;;;;;;;;;;;;;;0800-EV-134-20-1658;;1;
931107;20150930;090343;;1.043133;0.128126;10.415429;76.000000;;;;;;;;;;;;;;;;;;;;;;;;;;;0800-EV-134-20-1485;;1;
931107;20150930;090351;;1.043107;0.128138;10.584090;75.000000;;;;;;;;;;;;;;;;;;;;;;;;;;;0800-EV-134-20-1316;;1;
931107;20150930;090359;;1.043085;0.128165;10.749429;72.000000;;;;;;;;;;;;;;;;;;;;;;;;;;;0800-EV-134-20-1152;;1;
931107;20150930;090405;;1.043077;0.128197;10.867579;72.000000;;;;;;;;;;;;;;;;;;;;;;;;;;;0800-EV-134-20-1036;;1;
931107;20150930;090411;;1.043080;0.128234;10.989595;73.000000;;;;;;;;;;;;;;;;;;;;;;;;;;;0800-EV-134-20-916;;1;
931107;20150930;090419;;1.043088;0.128281;11.152415;70.000000;;;;;;;;;;;;;;;;;;;;;;;;;;;0800-EV-134-20-751;;1;
931107;20150930;090427;;1.043080;0.128326;11.306141;70.000000;;;;;;;;;;;;;;;;;;;;;;;;;;;0800-EV-134-20-597;;1;
931107;20150930;090435;;1.043077;0.128377;11.473049;78.000000;;;;;;;;;;;;;;;;;;;;;;;;;;;0800-EV-134-20-430;;1;
931107;20150930;090442;;1.043085;0.128422;11.625806;77.000000;;;;;;;;;;;;;;;;;;;;;;;;;;;0800-EV-134-20-278;;1;
931107;20150930;090450;;1.043102;0.128461;11.795506;76.000000;;;;;;;;;;;;;;;;;;;;;;;;;;;0800-EV-134-20-109;;1;
931107;20150930;090458;;1.043119;0.128498;11.956356;70.000000;;;;;;;;;;;;;;;;;;;;;;;;;;;0800-EV-134-19-14290;;1;
931107;20150930;090506;;1.043128;0.128544;12.115246;70.000000;;;;;;;;;;;;;;;;;;;;;;;;;;;0800-EV-134-19-14130;;1;
931107;20150930;090514;;1.043142;0.128581;12.265215;68.000000;;;;;;;;;;;;;;;;;;;;;;;;;;;0800-EV-134-19-13981;;1;
931107;20150930;090522;;1.043164;0.128602;12.423599;73.000000;;;;;;;;;;;;;;;;;;;;;;;;;;;0800-EV-134-19-13823;;1;
931107;20150930;090529;;1.043181;0.128634;12.571450;79.000000;;;;;;;;;;;;;;;;;;;;;;;;;;;0800-EV-134-19-13673;;1;
931107;20150930;090536;;1.043190;0.128681;12.734935;85.000000;;;;;;;;;;;;;;;;;;;;;;;;;;;0800-EV-134-19-13509;;1;
931107;20150930;090543;;1.043194;0.128731;12.897104;82.000000;;;;;;;;;;;;;;;;;;;;;;;;;;;0800-EV-134-19-13347;;1;
931107;20150930;090550;;1.043194;0.128780;13.054604;79.000000;;;;;;;;;;;;;;;;;;;;;;;;;;;0800-EV-134-19-13190;;1;
931107;20150930;090557;;1.043191;0.128828;13.209721;81.000000;;;;;;;;;;;;;;;;;;;;;;;;;;;0800-EV-134-19-13034;;1;
931107;20150930;090605;;1.043187;0.128882;13.385463;75.000000;;;;;;;;;;;;;;;;;;;;;;;;;;;0800-EV-134-19-12857;;1;
931107;20150930;090613;;1.043183;0.128930;13.542651;66.000000;;;;;;;;;;;;;;;;;;;;;;;;;;;0800-EV-134-19-12700;;1;
931107;20150930;090623;;1.043184;0.128981;13.707440;59.000000;;;;;;;;;;;;;;;;;;;;;;;;;;;0800-EV-134-19-12535;;1;
931107;20150930;090632;;1.043191;0.129028;13.865782;63.000000;;;;;;;;;;;;;;;;;;;;;;;;;;;0800-EV-134-19-12376;;1;
931107;20150930;090641;;1.043194;0.129080;14.034813;70.000000;;;;;;;;;;;;;;;;;;;;;;;;;;;0800-EV-134-19-12207;;1;
931107;20150930;090649;;1.043188;0.129126;14.189213;66.000000;;;;;;;;;;;;;;;;;;;;;;;;;;;0800-EV-134-19-12053;;1;
931107;20150930;090657;;1.043193;0.129174;14.345890;70.000000;;;;;;;;;;;;;;;;;;;;;;;;;;;0800-EV-134-19-11896;;1;
931107;20150930;090705;;1.043194;0.129222;14.501576;69.000000;;;;;;;;;;;;;;;;;;;;;;;;;;;0800-EV-134-19-11740;;1;
931107;20150930;090711;;1.043192;0.129255;14.610326;65.000000;;;;;;;;;;;;;;;;;;;;;;;;;;;0800-EV-134-19-11629;;1;
931107;20150930;090719;;1.043186;0.129301;14.763863;73.000000;;;;;;;;;;;;;;;;;;;;;;;;;;;0800-EV-134-19-11475;;1;
931107;20150930;090727;;1.043185;0.129351;14.923062;71.000000;;;;;;;;;;;;;;;;;;;;;;;;;;;0800-EV-134-19-11316;;1;
931107;20150930;090735;;1.043186;0.129398;15.077851;68.000000;;;;;;;;;;;;;;;;;;;;;;;;;;;0800-EV-134-19-11159;;1;
931107;20150930;090743;;1.043177;0.129445;15.237358;73.000000;;;;;;;;;;;;;;;;;;;;;;;;;;;0800-EV-134-19-11000;;1;
931107;20150930;090751;;1.043172;0.129495;15.402243;73.000000;;;;;;;;;;;;;;;;;;;;;;;;;;;0800-EV-134-19-10835;;1;
931107;20150930;090800;;1.043166;0.129547;15.573700;65.000000;;;;;;;;;;;;;;;;;;;;;;;;;;;0800-EV-134-19-10662;;1;
931107;20150930;090809;;1.043150;0.129586;15.738313;67.000000;;;;;;;;;;;;;;;;;;;;;;;;;;;0800-EV-134-19-10496;;1;
931107;20150930;090818;;1.043133;0.129625;15.900855;67.000000;;;;;;;;;;;;;;;;;;;;;;;;;;;0800-EV-134-19-10333;;1;
931107;20150930;090827;;1.043122;0.129673;16.072677;67.000000;;;;;;;;;;;;;;;;;;;;;;;;;;;0800-EV-134-19-10162;;1;
931107;20150930;090835;;1.043119;0.129722;16.229876;72.000000;;;;;;;;;;;;;;;;;;;;;;;;;;;0800-EV-134-19-10004;;1;
931107;20150930;090843;;1.043113;0.129771;16.394045;73.000000;;;;;;;;;;;;;;;;;;;;;;;;;;;0800-EV-134-19-9840;;1;
931107;20150930;090851;;1.043100;0.129818;16.563801;78.000000;;;;;;;;;;;;;;;;;;;;;;;;;;;0800-EV-134-19-9669;;1;
931107;20150930;090858;;1.043085;0.129857;16.721305;81.000000;;;;;;;;;;;;;;;;;;;;;;;;;;;0800-EV-134-19-9511;;1;
931107;20150930;090905;;1.043069;0.129894;16.876520;73.000000;;;;;;;;;;;;;;;;;;;;;;;;;;;0800-EV-134-19-9355;;1;
931107;20150930;090912;;1.043053;0.129912;17.001550;61.000000;;;;;;;;;;;;;;;;;;;;;;;;;;;0800-EV-134-19-9228;;1;
931107;20150930;090921;;1.043026;0.129905;17.172178;71.000000;;;;;;;;;;;;;;;;;;;;;;;;;;;0800-EV-134-19-9059;;1;
931107;20150930;090929;;1.043002;0.129905;17.325306;68.000000;;;;;;;;;;;;;;;;;;;;;;;;;;;0800-EV-134-19-8906;;1;
931107;20150930;090937;;1.042980;0.129920;17.479044;69.000000;;;;;;;;;;;;;;;;;;;;;;;;;;;0800-EV-134-19-8750;;1;
931107;20150930;090945;;1.042955;0.129915;17.636165;69.000000;;;;;;;;;;;;;;;;;;;;;;;;;;;0800-EV-134-19-8593;;1;
931107;20150930;090952;;1.042937;0.129921;17.752805;59.000000;;;;;;;;;;;;;;;;;;;;;;;;;;;0800-EV-134-19-8478;;1;
931107;20150930;091001;;1.042916;0.129946;17.912375;69.000000;;;;;;;;;;;;;;;;;;;;;;;;;;;0800-EV-134-19-8318;;1;
931107;20150930;091010;;1.042894;0.129977;18.084601;70.000000;;;;;;;;;;;;;;;;;;;;;;;;;;;0800-EV-134-19-8146;;1;
931107;20150930;091021;;1.042870;0.129990;18.243521;51.000000;;;;;;;;;;;;;;;;;;;;;;;;;;;0800-EV-134-19-7986;;1;
931107;20150930;091031;;1.042845;0.129995;18.402535;60.000000;;;;;;;;;;;;;;;;;;;;;;;;;;;0800-EV-134-19-7827;;1;
931107;20150930;091040;;1.042820;0.129989;18.561929;65.000000;;;;;;;;;;;;;;;;;;;;;;;;;;;0800-EV-134-19-7667;;1;
931107;20150930;091049;;1.042799;0.129964;18.719930;59.000000;;;;;;;;;;;;;;;;;;;;;;;;;;;0800-EV-134-19-7507;;1;
931107;20150930;091054;;1.042788;0.129956;18.797845;49.000000;;;;;;;;;;;;;;;;;;;;;;;;;;;0800-EV-134-19-7431;;1;
931107;20150930;091058;;1.042780;0.129960;18.852509;49.000000;;;;;;;;;;;;;;;;;;;;;;;;;;;0800-EV-134-19-7377;;1;
931107;20150930;091108;;1.042756;0.129975;19.013266;62.000000;;;;;;;;;;;;;;;;;;;;;;;;;;;0800-EV-134-19-7214;;1;
931107;20150930;091117;;1.042732;0.129987;19.170541;60.000000;;;;;;;;;;;;;;;;;;;;;;;;;;;0800-EV-134-19-7057;;1;
931107;20150930;091122;;1.042723;0.130008;19.257883;64.000000;;;;;;;;;;;;;;;;;;;;;;;;;;;0800-EV-134-19-6972;;1;
931107;20150930;091130;;1.042710;0.130048;19.411234;71.000000;;;;;;;;;;;;;;;;;;;;;;;;;;;0800-EV-134-19-6818;;1;
931107;20150930;091137;;1.042693;0.130073;19.550016;70.000000;;;;;;;;;;;;;;;;;;;;;;;;;;;0800-EV-134-19-6680;;1;
931107;20150930;091146;;1.042667;0.130075;19.715514;62.000000;;;;;;;;;;;;;;;;;;;;;;;;;;;0800-EV-134-19-6514;;1;
931107;20150930;091155;;1.042641;0.130068;19.883023;69.000000;;;;;;;;;;;;;;;;;;;;;;;;;;;0800-EV-134-19-6347;;1;
931107;20150930;091204;;1.042615;0.130077;20.054481;64.000000;;;;;;;;;;;;;;;;;;;;;;;;;;;0800-EV-134-19-6175;;1;
931107;20150930;091213;;1.042591;0.130092;20.214613;69.000000;;;;;;;;;;;;;;;;;;;;;;;;;;;0800-EV-134-19-6014;;1;
931107;20150930;091222;;1.042565;0.130110;20.388176;65.000000;;;;;;;;;;;;;;;;;;;;;;;;;;;0800-EV-134-19-5841;;1;
931107;20150930;091229;;1.042551;0.130133;20.508054;63.000000;;;;;;;;;;;;;;;;;;;;;;;;;;;0800-EV-134-19-5722;;1;
931107;20150930;091238;;1.042536;0.130177;20.677328;72.000000;;;;;;;;;;;;;;;;;;;;;;;;;;;0800-EV-134-19-5551;;1;
931107;20150930;091246;;1.042518;0.130216;20.849470;80.000000;;;;;;;;;;;;;;;;;;;;;;;;;;;0800-EV-134-19-5378;;1;
931107;20150930;091253;;1.042500;0.130250;21.006376;82.000000;;;;;;;;;;;;;;;;;;;;;;;;;;;0800-EV-134-19-5221;;1;
931107;20150930;091301;;1.042481;0.130288;21.177116;76.000000;;;;;;;;;;;;;;;;;;;;;;;;;;;0800-EV-134-19-5050;;1;
931107;20150930;091309;;1.042468;0.130333;21.346220;76.000000;;;;;;;;;;;;;;;;;;;;;;;;;;;0800-EV-134-19-4881;;1;
931107;20150930;091316;;1.042463;0.130376;21.489174;73.000000;;;;;;;;;;;;;;;;;;;;;;;;;;;0800-EV-134-19-4733;;1;
931107;20150930;091324;;1.042458;0.130424;21.647259;68.000000;;;;;;;;;;;;;;;;;;;;;;;;;;;0800-EV-134-19-4579;;1;
931107;20150930;091332;;1.042447;0.130469;21.811535;77.000000;;;;;;;;;;;;;;;;;;;;;;;;;;;0800-EV-134-19-4412;;1;
931107;20150930;091339;;1.042442;0.130516;21.963895;81.000000;;;;;;;;;;;;;;;;;;;;;;;;;;;0800-EV-134-19-4258;;1;
931107;20150930;091346;;1.042439;0.130564;22.119101;77.000000;;;;;;;;;;;;;;;;;;;;;;;;;;;0800-EV-134-19-4103;;1;
931107;20150930;091354;;1.042437;0.130616;22.288058;74.000000;;;;;;;;;;;;;;;;;;;;;;;;;;;0800-EV-134-19-3929;;1;
931107;20150930;091402;;1.042442;0.130666;22.451704;76.000000;;;;;;;;;;;;;;;;;;;;;;;;;;;0800-EV-134-19-3763;;1;
931107;20150930;091410;;1.042455;0.130709;22.617767;70.000000;;;;;;;;;;;;;;;;;;;;;;;;;;;0800-EV-134-19-3597;;1;
931107;20150930;091419;;1.042458;0.130762;22.790824;67.000000;;;;;;;;;;;;;;;;;;;;;;;;;;;0800-EV-134-19-3425;;1;
931107;20150930;091427;;1.042468;0.130806;22.944593;70.000000;;;;;;;;;;;;;;;;;;;;;;;;;;;0800-EV-134-19-3271;;1;
931107;20150930;091435;;1.042467;0.130857;23.110358;78.000000;;;;;;;;;;;;;;;;;;;;;;;;;;;0800-EV-134-19-3107;;1;
931107;20150930;091442;;1.042467;0.130906;23.266469;82.000000;;;;;;;;;;;;;;;;;;;;;;;;;;;0800-EV-134-19-2949;;1;
931107;20150930;091449;;1.042468;0.130954;23.422224;77.000000;;;;;;;;;;;;;;;;;;;;;;;;;;;0800-EV-134-19-2792;;1;
931107;20150930;091457;;1.042475;0.131006;23.593505;75.000000;;;;;;;;;;;;;;;;;;;;;;;;;;;0800-EV-134-19-2620;;1;
931107;20150930;091505;;1.042480;0.131055;23.755141;73.000000;;;;;;;;;;;;;;;;;;;;;;;;;;;0800-EV-134-19-2458;;1;
931107;20150930;091513;;1.042496;0.131098;23.926699;79.000000;;;;;;;;;;;;;;;;;;;;;;;;;;;0800-EV-134-19-2287;;1;
931107;20150930;091521;;1.042509;0.131143;24.097254;77.000000;;;;;;;;;;;;;;;;;;;;;;;;;;;0800-EV-134-19-2114;;1;
931107;20150930;091528;;1.042518;0.131189;24.252105;82.000000;;;;;;;;;;;;;;;;;;;;;;;;;;;0800-EV-134-19-1959;;1;
931107;20150930;091535;;1.042526;0.131235;24.411717;81.000000;;;;;;;;;;;;;;;;;;;;;;;;;;;0800-EV-134-19-1799;;1;
931107;20150930;091542;;1.042534;0.131282;24.570015;79.000000;;;;;;;;;;;;;;;;;;;;;;;;;;;0800-EV-134-19-1639;;1;
931107;20150930;091549;;1.042537;0.131330;24.724101;78.000000;;;;;;;;;;;;;;;;;;;;;;;;;;;0800-EV-134-19-1485;;1;
931107;20150930;091556;;1.042540;0.131378;24.878456;79.000000;;;;;;;;;;;;;;;;;;;;;;;;;;;0800-EV-134-19-1330;;1;
931107;20150930;091603;;1.042543;0.131427;25.037399;84.000000;;;;;;;;;;;;;;;;;;;;;;;;;;;0800-EV-134-19-1171;;1;
931107;20150930;091610;;1.042546;0.131477;25.201839;83.000000;;;;;;;;;;;;;;;;;;;;;;;;;;;0800-EV-134-19-1006;;1;
931107;20150930;091617;;1.042548;0.131529;25.367342;85.000000;;;;;;;;;;;;;;;;;;;;;;;;;;;0800-EV-134-19-840;;1;
931107;20150930;091624;;1.042550;0.131580;25.532124;83.000000;;;;;;;;;;;;;;;;;;;;;;;;;;;0800-EV-134-19-675;;1;
931107;20150930;091631;;1.042551;0.131629;25.689500;79.000000;;;;;;;;;;;;;;;;;;;;;;;;;;;0800-EV-134-19-517;;1;
931107;20150930;091639;;1.042555;0.131682;25.862677;77.000000;;;;;;;;;;;;;;;;;;;;;;;;;;;0800-EV-134-19-343;;1;
931107;20150930;091647;;1.042560;0.131731;26.024116;69.000000;;;;;;;;;;;;;;;;;;;;;;;;;;;0800-EV-134-19-181;;1;
931107;20150930;091657;;1.042572;0.131778;26.192914;58.000000;;;;;;;;;;;;;;;;;;;;;;;;;;;0800-EV-134-19-8;;1;
931107;20150930;091703;;1.042570;0.131805;26.280855;47.000000;;;;;;;;;;;;;;;;;;;;;;;;;;;0800-EV-134-18-25893;;1;
931107;20150930;091714;;1.042568;0.131854;26.442520;54.000000;;;;;;;;;;;;;;;;;;;;;;;;;;;0800-EV-134-18-25729;;1;
931107;20150930;091725;;1.042579;0.131901;26.610277;53.000000;;;;;;;;;;;;;;;;;;;;;;;;;;;0800-EV-134-18-25559;;1;
931107;20150930;091736;;1.042588;0.131953;26.784847;61.000000;;;;;;;;;;;;;;;;;;;;;;;;;;;0800-EV-134-18-25384;;1;
931107;20150930;091745;;1.042597;0.132000;26.948907;63.000000;;;;;;;;;;;;;;;;;;;;;;;;;;;0800-EV-134-18-25219;;1;
931107;20150930;091757;;1.042603;0.132036;27.070809;14.000000;;;;;;;;;;;;;;;;;;;;;;;;;;;0800-FV-362-2-22992;;1;
931107;20150930;091800;;1.042605;0.132036;27.087963;17.000000;;;;;;;;;;;;;;;;;;;;;;;;;;;0800-FV-362-2-22972;;1;
931107;20150930;091816;;1.042622;0.132036;27.194910;26.000000;;;;;;;;;;;;;;;;;;;;;;;;;;;0800-FV-362-2-22838;;1;
931107;20150930;091827;;1.042627;0.132055;27.266769;14.000000;;;;;;;;;;;;;;;;;;;;;;;;;;;0800-FV-362-2-22761;;1;
931107;20150930;091831;End;1.042625;0.132058;27.282177;11.000000;;;;;;;;;;;;;;;;;;;;;;;;;;;0800-FV-362-2-22757;;1;
931107;20150930;095206;Begin;1.042626;0.132057;0.000000;7.000000;;;;;;;;;;;;;;;;;;;;;;;;;;;0800-FV-362-2-22761;;1;
931107;20150930;095210;;1.042626;0.132056;0.005715;9.000000;;;;;;;;;;;;;;;;;;;;;;;;;;;0800-FV-362-2-22762;;1;
931107;20150930;095213;;1.042626;0.132053;0.016359;15.000000;;;;;;;;;;;;;;;;;;;;;;;;;;;0800-FV-362-2-22772;;1;
931107;20150930;095215;;1.042625;0.132050;0.027234;19.000000;;;;;;;;;;;;;;;;;;;;;;;;;;;0800-FV-362-2-22783;;1;
931107;20150930;095223;;1.042621;0.132034;0.086012;26.000000;;;;;;;;;;;;;;;;;;;;;;;;;;;0800-FV-362-2-22846;;1;
931107;20150930;095226;;1.042618;0.132031;0.109180;30.000000;;;;;;;;;;;;;;;;;;;;;;;;;;;0800-FV-362-2-22872;;1;
931107;20150930;095239;;1.042601;0.132028;0.222259;27.000000;;;;;;;;;;;;;;;;;;;;;;;;;;;0800-EV-134-18-25127;;1;
931107;20150930;095252;;1.042594;0.131978;0.392268;58.000000;;;;;;;;;;;;;;;;;;;;;;;;;;;0800-EV-134-18-25295;;1;
931107;20150930;095301;;1.042584;0.131932;0.551603;67.000000;;;;;;;;;;;;;;;;;;;;;;;;;;;0800-EV-134-18-25456;;1;
931107;20150930;095309;;1.042577;0.131885;0.709441;70.000000;;;;;;;;;;;;;;;;;;;;;;;;;;;0800-EV-134-18-25614;;1;
931107;20150930;095318;;1.042568;0.131835;0.882290;65.000000;;;;;;;;;;;;;;;;;;;;;;;;;;;0800-EV-134-18-25790;;1;
931107;20150930;095330;;1.042570;0.131797;1.005490;18.000000;;;;;;;;;;;;;;;;;;;;;;;;;;;0800-RV-9-1-15608;;1;
931107;20150930;095333;;1.042567;0.131797;1.023844;25.000000;;;;;;;;;;;;;;;;;;;;;;;;;;;0800-RV-9-1-15590;;1;
931107;20150930;095339;;1.042559;0.131796;1.077058;37.000000;;;;;;;;;;;;;;;;;;;;;;;;;;;0800-RV-9-1-15537;;1;
931107;20150930;095342;;1.042555;0.131804;1.110522;40.000000;;;;;;;;;;;;;;;;;;;;;;;;;;;0800-RV-9-1-15504;;1;
931107;20150930;095347;;1.042554;0.131823;1.173067;45.000000;;;;;;;;;;;;;;;;;;;;;;;;;;;0800-RV-9-1-15443;;1;
931107;20150930;095358;;1.042559;0.131875;1.341987;58.000000;;;;;;;;;;;;;;;;;;;;;;;;;;;0800-RV-9-1-15275;;1;
931107;20150930;095406;;1.042558;0.131915;1.474182;60.000000;;;;;;;;;;;;;;;;;;;;;;;;;;;0800-RV-9-1-15142;;1;
931107;20150930;095416;;1.042549;0.131965;1.643562;58.000000;;;;;;;;;;;;;;;;;;;;;;;;;;;0800-RV-9-1-14972;;1;
931107;20150930;095426;End;1.042542;0.132014;1.806571;60.000000;;;;;;;;;;;;;;;;;;;;;;;;;;;0800-RV-9-1-14809;;1;
931107;20150930;095515;Begin;1.042550;0.132261;0.000000;53.000000;;;;;;;;;;;;;;;;;;;;;;;;;;;0800-RV-9-1-14000;;1;
931107;20150930;095522;;1.042550;0.132291;0.096537;49.000000;;;;;;;;;;;;;;;;;;;;;;;;;;;0800-RV-9-1-13896;;1;
931107;20150930;095528;;1.042541;0.132310;0.180556;49.000000;;;;;;;;;;;;;;;;;;;;;;;;;;;0800-RV-9-1-13814;;1;
931107;20150930;095532;;1.042533;0.132313;0.232555;42.000000;;;;;;;;;;;;;;;;;;;;;;;;;;;0800-RV-9-1-13767;;1;
931107;20150930;095541;;1.042517;0.132322;0.340263;48.000000;;;;;;;;;;;;;;;;;;;;;;;;;;;0800-RV-9-1-13638;;1;
931107;20150930;095551;;1.042509;0.132339;0.415810;15.000000;;;;;;;;;;;;;;;;;;;;;;;;;;;0800-RV-9-1-13549;;1;
931107;20150930;095553;;1.042510;0.132334;0.431622;16.000000;;;;;;;;;;;;;;;;;;;;;;;;;;;0800-RV-9-1-13538;;1;
931107;20150930;095555;;1.042511;0.132330;0.448174;23.000000;;;;;;;;;;;;;;;;;;;;;;;;;;;0800-RV-9-1-13522;;1;
931107;20150930;095611;;1.042516;0.132278;0.618092;36.000000;;;;;;;;;;;;;;;;;;;;;;;;;;;0800-RV-9-1-13250;;1;
931107;20150930;095617;;1.042515;0.132267;0.655614;19.000000;;;;;;;;;;;;;;;;;;;;;;;;;;;0800-RV-9-1-13283;;1;
931107;20150930;095619;;1.042513;0.132268;0.668393;18.000000;;;;;;;;;;;;;;;;;;;;;;;;;;;0800-RV-9-1-13277;;1;
931107;20150930;095621;;1.042512;0.132273;0.683371;23.000000;;;;;;;;;;;;;;;;;;;;;;;;;;;0800-RV-9-1-13264;;1;
931107;20150930;095623;;1.042512;0.132278;0.703055;32.000000;;;;;;;;;;;;;;;;;;;;;;;;;;;0800-RV-9-1-13244;;1;
931107;20150930;095638;;1.042500;0.132323;0.864864;44.000000;;;;;;;;;;;;;;;;;;;;;;;;;;;0800-RV-9-1-13071;;1;
931107;20150930;095649;;1.042478;0.132338;1.016063;51.000000;;;;;;;;;;;;;;;;;;;;;;;;;;;0800-RV-9-1-12915;;1;
931107;20150930;095700;;1.042452;0.132345;1.183397;56.000000;;;;;;;;;;;;;;;;;;;;;;;;;;;0800-RV-9-1-12749;;1;
931107;20150930;095708;;1.042432;0.132352;1.315812;62.000000;;;;;;;;;;;;;;;;;;;;;;;;;;;0800-RV-9-1-12604;;1;
931107;20150930;095717;;1.042409;0.132335;1.476011;63.000000;;;;;;;;;;;;;;;;;;;;;;;;;;;0800-RV-9-1-12442;;1;
931107;20150930;095725;;1.042391;0.132326;1.593295;50.000000;;;;;;;;;;;;;;;;;;;;;;;;;;;0800-RV-9-1-12329;;1;
931107;20150930;095737;;1.042367;0.132343;1.757418;55.000000;;;;;;;;;;;;;;;;;;;;;;;;;;;0800-RV-9-1-12154;;1;
931107;20150930;095747;;1.042342;0.132332;1.922297;60.000000;;;;;;;;;;;;;;;;;;;;;;;;;;;0800-RV-9-1-11988;;1;
931107;20150930;095757;;1.042316;0.132322;2.091079;66.000000;;;;;;;;;;;;;;;;;;;;;;;;;;;0800-RV-9-1-11817;;1;
931107;20150930;095806;;1.042290;0.132321;2.263915;72.000000;;;;;;;;;;;;;;;;;;;;;;;;;;;0800-RV-9-1-11641;;1;
931107;20150930;095814;;1.042266;0.132293;2.436931;76.000000;;;;;;;;;;;;;;;;;;;;;;;;;;;0800-RV-9-1-11469;;1;
931107;20150930;095822;;1.042243;0.132266;2.608366;74.000000;;;;;;;;;;;;;;;;;;;;;;;;;;;0800-RV-9-1-11298;;1;
931107;20150930;095836;;1.042221;0.132244;2.770205;22.000000;;;;;;;;;;;;;;;;;;;;;;;;;;;0800-RV-9-1-11136;;1;
931107;20150930;100030;;1.042196;0.132227;2.936450;47.000000;;;;;;;;;;;;;;;;;;;;;;;;;;;0800-RV-9-1-10972;;1;
931107;20150930;100042;;1.042172;0.132208;3.104236;48.000000;;;;;;;;;;;;;;;;;;;;;;;;;;;0800-RV-9-1-10805;;1;
931107;20150930;100046;;1.042167;0.132194;3.158051;48.000000;;;;;;;;;;;;;;;;;;;;;;;;;;;0800-RV-9-1-10751;;1;
931107;20150930;100058;;1.042158;0.132147;3.323210;43.000000;;;;;;;;;;;;;;;;;;;;;;;;;;;0800-RV-9-1-10587;;1;
931107;20150930;100103;;1.042149;0.132139;3.390447;54.000000;;;;;;;;;;;;;;;;;;;;;;;;;;;0800-RV-9-1-10521;;1;
931107;20150930;100113;;1.042122;0.132132;3.559325;65.000000;;;;;;;;;;;;;;;;;;;;;;;;;;;0800-RV-9-1-10352;;1;
931107;20150930;100122;;1.042098;0.132122;3.718022;63.000000;;;;;;;;;;;;;;;;;;;;;;;;;;;0800-RV-9-1-10194;;1;
931107;20150930;100132;;1.042077;0.132098;3.876966;35.000000;;;;;;;;;;;;;;;;;;;;;;;;;;;0800-RV-9-1-10035;;1;
931107;20150930;100222;;1.042072;0.132091;3.919024;5.000000;;;;;;;;;;;;;;;;;;;;;;;;;;;0800-RV-9-1-9997;;1;
931107;20150930;100225;;1.042073;0.132092;3.925229;6.000000;;;;;;;;;;;;;;;;;;;;;;;;;;;0800-RV-9-1-10003;;1;
931107;20150930;100238;;1.042072;0.132092;3.927662;3.000000;;;;;;;;;;;;;;;;;;;;;;;;;;;0800-RV-9-1-10003;;1;
931107;20150930;100422;;1.042072;0.132092;3.930546;4.000000;;;;;;;;;;;;;;;;;;;;;;;;;;;0800-RV-9-1-10000;;1;
931107;20150930;100427;;1.042070;0.132089;3.946848;17.000000;;;;;;;;;;;;;;;;;;;;;;;;;;;0800-RV-9-1-9984;;1;
931107;20150930;100442;;1.042049;0.132058;4.112696;53.000000;;;;;;;;;;;;;;;;;;;;;;;;;;;0800-RV-9-1-9819;;1;
931107;20150930;100456;;1.042028;0.132031;4.274723;47.000000;;;;;;;;;;;;;;;;;;;;;;;;;;;0800-RV-9-1-9658;;1;
931107;20150930;100505;;1.042005;0.132018;4.428505;68.000000;;;;;;;;;;;;;;;;;;;;;;;;;;;0800-RV-9-1-9505;;1;
931107;20150930;100516;;1.041982;0.131997;4.589395;35.000000;;;;;;;;;;;;;;;;;;;;;;;;;;;0800-RV-9-1-9344;;1;
931107;20150930;100521;;1.041978;0.131980;4.650416;47.000000;;;;;;;;;;;;;;;;;;;;;;;;;;;0800-RV-9-1-9283;;1;
931107;20150930;100531;;1.041978;0.131929;4.815231;64.000000;;;;;;;;;;;;;;;;;;;;;;;;;;;0800-RV-9-1-9119;;1;
931107;20150930;100539;;1.041967;0.131888;4.968611;69.000000;;;;;;;;;;;;;;;;;;;;;;;;;;;0800-RV-9-1-8966;;1;
931107;20150930;100550;;1.041947;0.131859;5.129159;31.000000;;;;;;;;;;;;;;;;;;;;;;;;;;;0800-RV-9-1-8805;;1;
931107;20150930;100602;;1.041927;0.131824;5.296245;60.000000;;;;;;;;;;;;;;;;;;;;;;;;;;;0800-RV-9-1-8637;;1;
931107;20150930;100611;;1.041903;0.131814;5.452293;67.000000;;;;;;;;;;;;;;;;;;;;;;;;;;;0800-RV-9-1-8482;;1;
931107;20150930;100620;;1.041877;0.131816;5.620775;62.000000;;;;;;;;;;;;;;;;;;;;;;;;;;;0800-RV-9-1-8314;;1;
931107;20150930;100628;;1.041861;0.131825;5.728109;37.000000;;;;;;;;;;;;;;;;;;;;;;;;;;;0800-RV-9-1-8208;;1;
931107;20150930;100631;;1.041860;0.131835;5.760373;40.000000;;;;;;;;;;;;;;;;;;;;;;;;;;;0800-RV-9-1-8177;;1;
931107;20150930;100646;;1.041862;0.131881;5.913069;19.000000;;;;;;;;;;;;;;;;;;;;;;;;;;;0800-RV-9-1-8021;;1;
931107;20150930;100652;;1.041858;0.131884;5.939505;11.000000;;;;;;;;;;;;;;;;;;;;;;;;;;;0800-RV-9-1-7997;;1;
931107;20150930;100658;;1.041856;0.131884;5.952538;4.000000;;;;;;;;;;;;;;;;;;;;;;;;;;;0800-RV-9-1-7985;;1;
931107;20150930;100705;;1.041855;0.131883;5.958918;3.000000;;;;;;;;;;;;;;;;;;;;;;;;;;;0800-RV-9-1-7980;;1;
931107;20150930;100706;;1.041855;0.131883;5.960270;3.000000;;;;;;;;;;;;;;;;;;;;;;;;;;;0800-RV-9-1-7979;;1;
931107;20150930;100707;;1.041855;0.131883;5.961471;3.000000;;;;;;;;;;;;;;;;;;;;;;;;;;;0800-RV-9-1-7978;;1;
931107;20150930;101207;;1.041855;0.131883;5.965703;0.000000;;;;;;;;;;;;;;;;;;;;;;;;;;;0800-RV-9-1-7974;;1;
931107;20150930;101341;;1.041854;0.131882;5.968000;7.000000;;;;;;;;;;;;;;;;;;;;;;;;;;;0800-RV-9-1-7972;;1;
931107;20150930;101412;;1.041829;0.131865;6.140224;16.000000;;;;;;;;;;;;;;;;;;;;;;;;;;;0800-RV-9-1-7801;;1;
931107;20150930;101434;;1.041805;0.131848;6.300950;32.000000;;;;;;;;;;;;;;;;;;;;;;;;;;;0800-RV-9-1-7640;;1;
931107;20150930;101449;;1.041781;0.131832;6.461796;40.000000;;;;;;;;;;;;;;;;;;;;;;;;;;;0800-RV-9-1-7480;;1;
931107;20150930;101503;;1.041757;0.131816;6.626166;45.000000;;;;;;;;;;;;;;;;;;;;;;;;;;;0800-RV-9-1-7316;;1;
931107;20150930;101515;;1.041733;0.131800;6.786716;50.000000;;;;;;;;;;;;;;;;;;;;;;;;;;;0800-RV-9-1-7156;;1;
931107;20150930;101528;;1.041707;0.131792;6.953931;42.000000;;;;;;;;;;;;;;;;;;;;;;;;;;;0800-RV-9-1-6989;;1;
931107;20150930;101548;;1.041682;0.131778;7.116783;12.000000;;;;;;;;;;;;;;;;;;;;;;;;;;;0800-RV-9-1-6826;;1;
931107;20150930;101604;;1.041679;0.131777;7.139000;4.000000;;;;;;;;;;;;;;;;;;;;;;;;;;;0800-RV-9-1-6807;;1;
931107;20150930;101608;;1.041679;0.131777;7.144135;4.000000;;;;;;;;;;;;;;;;;;;;;;;;;;;0800-RV-9-1-6802;;1;
931107;20150930;101610;;1.041678;0.131777;7.147826;5.000000;;;;;;;;;;;;;;;;;;;;;;;;;;;0800-RV-9-1-6799;;1;
931107;20150930;101611;;1.041678;0.131777;7.149090;5.000000;;;;;;;;;;;;;;;;;;;;;;;;;;;0800-RV-9-1-6798;;1;
931107;20150930;101612;;1.041678;0.131777;7.150524;5.000000;;;;;;;;;;;;;;;;;;;;;;;;;;;0800-RV-9-1-6797;;1;
931107;20150930;101614;;1.041677;0.131777;7.154226;5.000000;;;;;;;;;;;;;;;;;;;;;;;;;;;0800-RV-9-1-6793;;1;
931107;20150930;102114;;1.041676;0.131777;7.163209;0.000000;;;;;;;;;;;;;;;;;;;;;;;;;;;0800-RV-9-1-6785;;1;
931107;20150930;102456;;1.041676;0.131776;7.165102;3.000000;;;;;;;;;;;;;;;;;;;;;;;;;;;0800-RV-9-1-6784;;1;
931107;20150930;102514;;1.041652;0.131761;7.324584;48.000000;;;;;;;;;;;;;;;;;;;;;;;;;;;0800-RV-9-1-6625;;1;
931107;20150930;102818;;1.041626;0.131746;7.498164;32.000000;;;;;;;;;;;;;;;;;;;;;;;;;;;0800-RV-9-1-6451;;1;
931107;20150930;102829;;1.041602;0.131731;7.659618;63.000000;;;;;;;;;;;;;;;;;;;;;;;;;;;0800-RV-9-1-6290;;1;
931107;20150930;102838;;1.041576;0.131716;7.831644;67.000000;;;;;;;;;;;;;;;;;;;;;;;;;;;0800-RV-9-1-6118;;1;
931107;20150930;102847;;1.041551;0.131700;7.996121;64.000000;;;;;;;;;;;;;;;;;;;;;;;;;;;0800-RV-9-1-5953;;1;
931107;20150930;102856;;1.041529;0.131676;8.155534;63.000000;;;;;;;;;;;;;;;;;;;;;;;;;;;0800-RV-9-1-5793;;1;
931107;20150930;102905;;1.041510;0.131646;8.314646;63.000000;;;;;;;;;;;;;;;;;;;;;;;;;;;0800-RV-9-1-5634;;1;
931107;20150930;102914;;1.041491;0.131613;8.473069;65.000000;;;;;;;;;;;;;;;;;;;;;;;;;;;0800-RV-9-1-5476;;1;
931107;20150930;102923;;1.041472;0.131578;8.642094;64.000000;;;;;;;;;;;;;;;;;;;;;;;;;;;0800-RV-9-1-5307;;1;
931107;20150930;102933;;1.041453;0.131544;8.803108;59.000000;;;;;;;;;;;;;;;;;;;;;;;;;;;0800-RV-9-1-5145;;1;
931107;20150930;102942;;1.041436;0.131508;8.962141;60.000000;;;;;;;;;;;;;;;;;;;;;;;;;;;0800-RV-9-1-4986;;1;
931107;20150930;102952;;1.041418;0.131472;9.123173;62.000000;;;;;;;;;;;;;;;;;;;;;;;;;;;0800-RV-9-1-4825;;1;
931107;20150930;103001;;1.041400;0.131434;9.293751;69.000000;;;;;;;;;;;;;;;;;;;;;;;;;;;0800-RV-9-1-4654;;1;
931107;20150930;103009;;1.041383;0.131399;9.448465;70.000000;;;;;;;;;;;;;;;;;;;;;;;;;;;0800-RV-9-1-4499;;1;
931107;20150930;103017;;1.041366;0.131363;9.608336;72.000000;;;;;;;;;;;;;;;;;;;;;;;;;;;0800-RV-9-1-4339;;1;
931107;20150930;103025;;1.041349;0.131327;9.769383;71.000000;;;;;;;;;;;;;;;;;;;;;;;;;;;0800-RV-9-1-4178;;1;
931107;20150930;103033;;1.041332;0.131292;9.925690;69.000000;;;;;;;;;;;;;;;;;;;;;;;;;;;0800-RV-9-1-4021;;1;
931107;20150930;103042;;1.041314;0.131255;10.087563;67.000000;;;;;;;;;;;;;;;;;;;;;;;;;;;0800-RV-9-1-3859;;1;
931107;20150930;103053;;1.041297;0.131218;10.249590;30.000000;;;;;;;;;;;;;;;;;;;;;;;;;;;0800-RV-9-1-3697;;1;
931107;20150930;103107;;1.041285;0.131174;10.411729;55.000000;;;;;;;;;;;;;;;;;;;;;;;;;;;0800-RV-9-1-3535;;1;
931107;20150930;103117;;1.041274;0.131125;10.582257;62.000000;;;;;;;;;;;;;;;;;;;;;;;;;;;0800-RV-9-1-3364;;1;
931107;20150930;103127;;1.041264;0.131077;10.751729;62.000000;;;;;;;;;;;;;;;;;;;;;;;;;;;0800-RV-9-1-3194;;1;
931107;20150930;103136;;1.041253;0.131029;10.920191;69.000000;;;;;;;;;;;;;;;;;;;;;;;;;;;0800-RV-9-1-3026;;1;
931107;20150930;103148;;1.041244;0.130982;11.084256;44.000000;;;;;;;;;;;;;;;;;;;;;;;;;;;0800-RV-9-1-2861;;1;
931107;20150930;103158;;1.041241;0.130933;11.241832;60.000000;;;;;;;;;;;;;;;;;;;;;;;;;;;0800-RV-9-1-2703;;1;
931107;20150930;103207;;1.041233;0.130886;11.402255;62.000000;;;;;;;;;;;;;;;;;;;;;;;;;;;0800-RV-9-1-2543;;1;
931107;20150930;103217;;1.041218;0.130841;11.574952;62.000000;;;;;;;;;;;;;;;;;;;;;;;;;;;0800-RV-9-1-2370;;1;
931107;20150930;103226;;1.041205;0.130800;11.731525;64.000000;;;;;;;;;;;;;;;;;;;;;;;;;;;0800-RV-9-1-2213;;1;
931107;20150930;103235;;1.041192;0.130760;11.885954;62.000000;;;;;;;;;;;;;;;;;;;;;;;;;;;0800-RV-9-1-2059;;1;
931107;20150930;103244;;1.041178;0.130716;12.053127;69.000000;;;;;;;;;;;;;;;;;;;;;;;;;;;0800-RV-9-1-1892;;1;
931107;20150930;103252;;1.041164;0.130676;12.208655;71.000000;;;;;;;;;;;;;;;;;;;;;;;;;;;0800-RV-9-1-1736;;1;
931107;20150930;103300;;1.041150;0.130635;12.368509;72.000000;;;;;;;;;;;;;;;;;;;;;;;;;;;0800-RV-9-1-1576;;1;
931107;20150930;103309;;1.041136;0.130592;12.535055;56.000000;;;;;;;;;;;;;;;;;;;;;;;;;;;0800-RV-9-1-1409;;1;
931107;20150930;103320;;1.041121;0.130549;12.702230;60.000000;;;;;;;;;;;;;;;;;;;;;;;;;;;0800-RV-9-1-1241;;1;
931107;20150930;103330;;1.041106;0.130507;12.866282;53.000000;;;;;;;;;;;;;;;;;;;;;;;;;;;0800-RV-9-1-1077;;1;
931107;20150930;103343;;1.041093;0.130466;13.025992;36.000000;;;;;;;;;;;;;;;;;;;;;;;;;;;0800-RV-9-1-917;;1;
931107;20150930;103601;;1.041078;0.130423;13.190431;25.000000;;;;;;;;;;;;;;;;;;;;;;;;;;;0800-RV-9-1-753;;1;
931107;20150930;103618;;1.041064;0.130383;13.348434;37.000000;;;;;;;;;;;;;;;;;;;;;;;;;;;0800-RV-9-1-595;;1;
931107;20150930;103633;;1.041050;0.130340;13.514835;45.000000;;;;;;;;;;;;;;;;;;;;;;;;;;;0800-RV-9-1-428;;1;
931107;20150930;103645;;1.041035;0.130297;13.681853;52.000000;;;;;;;;;;;;;;;;;;;;;;;;;;;0800-RV-9-1-261;;1;
931107;20150930;103656;;1.041022;0.130257;13.837680;50.000000;;;;;;;;;;;;;;;;;;;;;;;;;;;0800-RV-9-1-105;;1;
931107;20150930;103707;;1.041003;0.130222;13.999673;51.000000;;;;;;;;;;;;;;;;;;;;;;;;;;;0900-RV-9-10-11743;;1;
931107;20150930;104207;;1.040983;0.130191;14.161674;0.000000;;;;;;;;;;;;;;;;;;;;;;;;;;;0900-RV-9-10-11580;;1;
931107;20150930;104707;;1.040983;0.130192;14.161674;0.000000;;;;;;;;;;;;;;;;;;;;;;;;;;;0900-RV-9-10-11582;;1;
931107;20150930;105155;;1.040983;0.130191;14.164503;5.000000;;;;;;;;;;;;;;;;;;;;;;;;;;;0900-RV-9-10-11579;;1;
931107;20150930;105219;;1.040960;0.130166;14.331355;35.000000;;;;;;;;;;;;;;;;;;;;;;;;;;;0900-RV-9-10-11411;;1;
931107;20150930;105231;;1.040938;0.130140;14.494188;56.000000;;;;;;;;;;;;;;;;;;;;;;;;;;;0900-RV-9-10-11247;;1;
931107;20150930;105242;;1.040919;0.130108;14.654820;40.000000;;;;;;;;;;;;;;;;;;;;;;;;;;;0900-RV-9-10-11085;;1;
931107;20150930;105300;;1.040896;0.130088;14.814847;32.000000;;;;;;;;;;;;;;;;;;;;;;;;;;;0900-RV-9-10-10926;;1;
931107;20150930;105318;;1.040871;0.130093;14.978472;34.000000;;;;;;;;;;;;;;;;;;;;;;;;;;;0900-RV-9-10-10764;;1;
931107;20150930;105339;;1.040846;0.130095;15.140304;28.000000;;;;;;;;;;;;;;;;;;;;;;;;;;;0900-RV-9-10-10601;;1;
931107;20150930;105356;;1.040820;0.130090;15.306765;38.000000;;;;;;;;;;;;;;;;;;;;;;;;;;;0900-RV-9-10-10435;;1;
931107;20150930;105412;;1.040794;0.130089;15.469555;37.000000;;;;;;;;;;;;;;;;;;;;;;;;;;;0900-RV-9-10-10272;;1;
931107;20150930;105427;;1.040769;0.130092;15.629005;36.000000;;;;;;;;;;;;;;;;;;;;;;;;;;;0900-RV-9-10-10112;;1;
931107;20150930;105444;;1.040744;0.130094;15.790558;34.000000;;;;;;;;;;;;;;;;;;;;;;;;;;;0900-RV-9-10-9950;;1;
931107;20150930;105503;;1.040722;0.130091;15.932569;3.000000;;;;;;;;;;;;;;;;;;;;;;;;;;;0900-RV-9-10-9806;;1;
931107;20150930;105511;;1.040722;0.130091;15.936422;3.000000;;;;;;;;;;;;;;;;;;;;;;;;;;;0900-RV-9-10-9809;;1;
931107;20150930;105532;;1.040724;0.130093;15.949420;3.000000;;;;;;;;;;;;;;;;;;;;;;;;;;;0900-RV-9-10-9821;;1;
931107;20150930;105533;;1.040724;0.130092;15.950771;6.000000;;;;;;;;;;;;;;;;;;;;;;;;;;;0900-RV-9-10-9819;;1;
931107;20150930;105537;;1.040722;0.130092;15.963523;15.000000;;;;;;;;;;;;;;;;;;;;;;;;;;;0900-RV-9-10-9807;;1;
931107;20150930;105554;;1.040698;0.130074;16.125134;47.000000;;;;;;;;;;;;;;;;;;;;;;;;;;;0900-RV-9-10-9644;;1;
931107;20150930;105605;;1.040674;0.130056;16.291195;59.000000;;;;;;;;;;;;;;;;;;;;;;;;;;;0900-RV-9-10-9477;;1;
931107;20150930;105614;;1.040651;0.130035;16.449845;65.000000;;;;;;;;;;;;;;;;;;;;;;;;;;;0900-RV-9-10-9317;;1;
931107;20150930;105623;;1.040631;0.130002;16.617625;67.000000;;;;;;;;;;;;;;;;;;;;;;;;;;;0900-RV-9-10-9149;;1;
931107;20150930;105632;;1.040612;0.129963;16.789889;68.000000;;;;;;;;;;;;;;;;;;;;;;;;;;;0900-RV-9-10-8975;;1;
931107;20150930;105640;;1.040595;0.129928;16.946769;72.000000;;;;;;;;;;;;;;;;;;;;;;;;;;;0900-RV-9-10-8818;;1;
931107;20150930;105648;;1.040579;0.129889;17.112883;75.000000;;;;;;;;;;;;;;;;;;;;;;;;;;;0900-RV-9-10-8651;;1;
931107;20150930;105656;;1.040564;0.129845;17.279614;75.000000;;;;;;;;;;;;;;;;;;;;;;;;;;;0900-RV-9-10-8483;;1;
931107;20150930;105704;;1.040551;0.129800;17.448941;75.000000;;;;;;;;;;;;;;;;;;;;;;;;;;;0900-RV-9-10-8313;;1;
931107;20150930;105712;;1.040537;0.129757;17.614804;75.000000;;;;;;;;;;;;;;;;;;;;;;;;;;;0900-RV-9-10-8146;;1;
931107;20150930;105720;;1.040523;0.129711;17.786254;78.000000;;;;;;;;;;;;;;;;;;;;;;;;;;;0900-RV-9-10-7974;;1;
931107;20150930;105728;;1.040509;0.129665;17.961172;79.000000;;;;;;;;;;;;;;;;;;;;;;;;;;;0900-RV-9-10-7799;;1;
931107;20150930;105735;;1.040496;0.129623;18.119352;83.000000;;;;;;;;;;;;;;;;;;;;;;;;;;;0900-RV-9-10-7640;;1;
931107;20150930;105742;;1.040483;0.129582;18.274646;77.000000;;;;;;;;;;;;;;;;;;;;;;;;;;;0900-RV-9-10-7484;;1;
931107;20150930;105751;;1.040467;0.129543;18.435916;60.000000;;;;;;;;;;;;;;;;;;;;;;;;;;;0900-RV-9-10-7323;;1;
931107;20150930;105800;;1.040449;0.129506;18.603789;70.000000;;;;;;;;;;;;;;;;;;;;;;;;;;;0900-RV-9-10-7155;;1;
931107;20150930;105809;;1.040430;0.129474;18.765471;48.000000;;;;;;;;;;;;;;;;;;;;;;;;;;;0900-RV-9-10-6994;;1;
931107;20150930;105820;;1.040406;0.129457;18.923088;60.000000;;;;;;;;;;;;;;;;;;;;;;;;;;;0900-RV-9-10-6837;;1;
931107;20150930;105830;;1.040382;0.129449;19.080087;49.000000;;;;;;;;;;;;;;;;;;;;;;;;;;;0900-RV-9-10-6679;;1;
931107;20150930;105854;;1.040365;0.129441;19.193647;4.000000;;;;;;;;;;;;;;;;;;;;;;;;;;;0900-RV-9-10-6568;;1;
931107;20150930;110354;;1.040364;0.129440;19.200418;0.000000;;;;;;;;;;;;;;;;;;;;;;;;;;;0900-RV-9-10-6563;;1;
931107;20150930;110854;;1.040365;0.129441;19.200418;0.000000;;;;;;;;;;;;;;;;;;;;;;;;;;;0900-RV-9-10-6566;;1;
931107;20150930;111140;;1.040364;0.129440;19.205190;6.000000;;;;;;;;;;;;;;;;;;;;;;;;;;;0900-RV-9-10-6561;;1;
931107;20150930;111414;;1.040338;0.129425;19.381182;45.000000;;;;;;;;;;;;;;;;;;;;;;;;;;;0900-RV-9-10-6385;;1;
931107;20150930;111425;;1.040313;0.129406;19.552451;64.000000;;;;;;;;;;;;;;;;;;;;;;;;;;;0900-RV-9-10-6213;;1;
931107;20150930;111434;;1.040289;0.129389;19.712759;63.000000;;;;;;;;;;;;;;;;;;;;;;;;;;;0900-RV-9-10-6053;;1;
931107;20150930;111443;;1.040265;0.129372;19.877048;66.000000;;;;;;;;;;;;;;;;;;;;;;;;;;;0900-RV-9-10-5888;;1;
931107;20150930;111452;;1.040241;0.129355;20.039238;63.000000;;;;;;;;;;;;;;;;;;;;;;;;;;;0900-RV-9-10-5726;;1;
931107;20150930;111501;;1.040217;0.129339;20.202102;67.000000;;;;;;;;;;;;;;;;;;;;;;;;;;;0900-RV-9-10-5562;;1;
931107;20150930;111510;;1.040192;0.129326;20.361883;46.000000;;;;;;;;;;;;;;;;;;;;;;;;;;;0900-RV-9-10-5402;;1;
931107;20150930;111530;;1.040169;0.129308;20.522695;22.000000;;;;;;;;;;;;;;;;;;;;;;;;;;;0900-RV-9-10-5241;;1;
931107;20150930;111545;;1.040146;0.129290;20.681919;47.000000;;;;;;;;;;;;;;;;;;;;;;;;;;;0900-RV-9-10-5082;;1;
931107;20150930;112045;;1.040126;0.129274;20.816092;0.000000;;;;;;;;;;;;;;;;;;;;;;;;;;;0900-RV-9-10-4947;;1;
931107;20150930;112158;;1.040126;0.129274;20.818001;5.000000;;;;;;;;;;;;;;;;;;;;;;;;;;;0900-RV-9-10-4946;;1;
931107;20150930;112216;;1.040102;0.129255;20.986341;60.000000;;;;;;;;;;;;;;;;;;;;;;;;;;;0900-RV-9-10-4777;;1;
931107;20150930;112225;;1.040076;0.129235;21.159647;70.000000;;;;;;;;;;;;;;;;;;;;;;;;;;;0900-RV-9-10-4604;;1;
931107;20150930;112234;;1.040053;0.129215;21.324373;62.000000;;;;;;;;;;;;;;;;;;;;;;;;;;;0900-RV-9-10-4438;;1;
931107;20150930;112243;;1.040029;0.129190;21.496885;73.000000;;;;;;;;;;;;;;;;;;;;;;;;;;;0900-RV-9-10-4265;;1;
931107;20150930;112251;;1.040005;0.129166;21.666108;72.000000;;;;;;;;;;;;;;;;;;;;;;;;;;;0900-RV-9-10-4095;;1;
931107;20150930;112300;;1.039982;0.129138;21.840529;68.000000;;;;;;;;;;;;;;;;;;;;;;;;;;;0900-RV-9-10-3919;;1;
931107;20150930;112309;;1.039961;0.129108;22.007068;65.000000;;;;;;;;;;;;;;;;;;;;;;;;;;;0900-RV-9-10-3754;;1;
931107;20150930;112319;;1.039939;0.129079;22.175400;59.000000;;;;;;;;;;;;;;;;;;;;;;;;;;;0900-RV-9-10-3587;;1;
931107;20150930;112328;;1.039916;0.129061;22.333355;57.000000;;;;;;;;;;;;;;;;;;;;;;;;;;;0900-RV-9-10-3429;;1;
931107;20150930;112340;;1.039898;0.129025;22.495312;42.000000;;;;;;;;;;;;;;;;;;;;;;;;;;;0900-RV-9-10-3269;;1;
931107;20150930;112404;;1.039879;0.128994;22.654883;4.000000;;;;;;;;;;;;;;;;;;;;;;;;;;;0900-RV-9-10-3113;;1;
931107;20150930;112419;;1.039877;0.128995;22.666641;3.000000;;;;;;;;;;;;;;;;;;;;;;;;;;;0900-RV-9-10-3102;;1;
931107;20150930;112420;;1.039877;0.128995;22.667848;5.000000;;;;;;;;;;;;;;;;;;;;;;;;;;;0900-RV-9-10-3102;;1;
931107;20150930;112427;;1.039879;0.128994;22.677059;4.000000;;;;;;;;;;;;;;;;;;;;;;;;;;;0900-RV-9-10-3112;;1;
931107;20150930;112442;End;1.039879;0.128993;22.682027;3.000000;;;;;;;;;;;;;;;;;;;;;;;;;;;0900-RV-9-10-3109;;1;
931107;20150930;115157;Begin;1.039878;0.128994;0.000000;3.000000;;;;;;;;;;;;;;;;;;;;;;;;;;;0900-RV-9-10-3106;;1;
931107;20150930;115202;;1.039879;0.128996;0.008428;4.000000;;;;;;;;;;;;;;;;;;;;;;;;;;;0900-RV-9-10-3115;;1;
931107;20150930;115205;;1.039879;0.128997;0.012279;3.000000;;;;;;;;;;;;;;;;;;;;;;;;;;;0900-RV-9-10-3119;;1;
931107;20150930;115208;;1.039880;0.128997;0.015761;5.000000;;;;;;;;;;;;;;;;;;;;;;;;;;;0900-RV-9-10-3122;;1;
931107;20150930;115228;;1.039899;0.129029;0.176873;39.000000;;;;;;;;;;;;;;;;;;;;;;;;;;;0900-RV-9-10-3283;;1;
931107;20150930;115244;;1.039917;0.129064;0.339408;37.000000;;;;;;;;;;;;;;;;;;;;;;;;;;;0900-RV-9-10-3443;;1;
931107;20150930;115257;;1.039940;0.129082;0.495787;47.000000;;;;;;;;;;;;;;;;;;;;;;;;;;;0900-RV-9-10-3599;;1;
931107;20150930;115308;;1.039962;0.129111;0.665506;61.000000;;;;;;;;;;;;;;;;;;;;;;;;;;;0900-RV-9-10-3768;;1;
931107;20150930;115317;;1.039983;0.129140;0.826717;62.000000;;;;;;;;;;;;;;;;;;;;;;;;;;;0900-RV-9-10-3928;;1;
931107;20150930;115327;;1.040004;0.129166;0.986834;59.000000;;;;;;;;;;;;;;;;;;;;;;;;;;;0900-RV-9-10-4089;;1;
931107;20150930;115336;;1.040026;0.129188;1.143053;62.000000;;;;;;;;;;;;;;;;;;;;;;;;;;;0900-RV-9-10-4246;;1;
931107;20150930;115346;;1.040048;0.129211;1.304781;54.000000;;;;;;;;;;;;;;;;;;;;;;;;;;;0900-RV-9-10-4408;;1;
931107;20150930;115805;;1.040073;0.129234;1.479546;15.000000;;;;;;;;;;;;;;;;;;;;;;;;;;;0900-RV-9-10-4584;;1;
931107;20150930;115821;;1.040097;0.129252;1.639813;52.000000;;;;;;;;;;;;;;;;;;;;;;;;;;;0900-RV-9-10-4744;;1;
931107;20150930;115833;;1.040121;0.129271;1.808773;45.000000;;;;;;;;;;;;;;;;;;;;;;;;;;;0900-RV-9-10-4914;;1;
931107;20150930;115847;;1.040145;0.129290;1.971519;39.000000;;;;;;;;;;;;;;;;;;;;;;;;;;;0900-RV-9-10-5078;;1;
931107;20150930;115903;;1.040169;0.129308;2.134484;24.000000;;;;;;;;;;;;;;;;;;;;;;;;;;;0900-RV-9-10-5241;;1;
931107;20150930;115928;;1.040193;0.129326;2.297539;43.000000;;;;;;;;;;;;;;;;;;;;;;;;;;;0900-RV-9-10-5404;;1;
931107;20150930;115940;;1.040217;0.129340;2.458863;46.000000;;;;;;;;;;;;;;;;;;;;;;;;;;;0900-RV-9-10-5565;;1;
931107;20150930;115954;;1.040242;0.129356;2.623845;48.000000;;;;;;;;;;;;;;;;;;;;;;;;;;;0900-RV-9-10-5731;;1;
931107;20150930;120005;;1.040265;0.129373;2.784612;54.000000;;;;;;;;;;;;;;;;;;;;;;;;;;;0900-RV-9-10-5892;;1;
931107;20150930;120016;;1.040288;0.129389;2.942053;48.000000;;;;;;;;;;;;;;;;;;;;;;;;;;;0900-RV-9-10-6050;;1;
931107;20150930;120028;;1.040313;0.129407;3.110449;52.000000;;;;;;;;;;;;;;;;;;;;;;;;;;;0900-RV-9-10-6218;;1;
931107;20150930;120038;;1.040336;0.129424;3.265154;59.000000;;;;;;;;;;;;;;;;;;;;;;;;;;;0900-RV-9-10-6373;;1;
931107;20150930;120047;;1.040360;0.129439;3.423786;63.000000;;;;;;;;;;;;;;;;;;;;;;;;;;;0900-RV-9-10-6533;;1;
931107;20150930;120057;;1.040385;0.129453;3.592660;59.000000;;;;;;;;;;;;;;;;;;;;;;;;;;;0900-RV-9-10-6702;;1;
931107;20150930;120107;;1.040411;0.129462;3.757821;60.000000;;;;;;;;;;;;;;;;;;;;;;;;;;;0900-RV-9-10-6868;;1;
931107;20150930;120116;;1.040433;0.129480;3.914560;62.000000;;;;;;;;;;;;;;;;;;;;;;;;;;;0900-RV-9-10-7025;;1;
931107;20150930;120125;;1.040452;0.129513;4.073799;63.000000;;;;;;;;;;;;;;;;;;;;;;;;;;;0900-RV-9-10-7185;;1;
931107;20150930;120134;;1.040469;0.129548;4.230999;61.000000;;;;;;;;;;;;;;;;;;;;;;;;;;;0900-RV-9-10-7342;;1;
931107;20150930;120143;;1.040484;0.129587;4.388838;64.000000;;;;;;;;;;;;;;;;;;;;;;;;;;;0900-RV-9-10-7500;;1;
931107;20150930;120157;;1.040504;0.129653;4.637707;62.000000;;;;;;;;;;;;;;;;;;;;;;;;;;;0900-RV-9-10-7750;;1;
931107;20150930;120206;;1.040517;0.129695;4.796941;65.000000;;;;;;;;;;;;;;;;;;;;;;;;;;;0900-RV-9-10-7909;;1;
931107;20150930;120215;;1.040531;0.129739;4.962329;66.000000;;;;;;;;;;;;;;;;;;;;;;;;;;;0900-RV-9-10-8076;;1;
931107;20150930;120224;;1.040544;0.129782;5.124153;63.000000;;;;;;;;;;;;;;;;;;;;;;;;;;;0900-RV-9-10-8238;;1;
931107;20150930;120233;;1.040557;0.129823;5.279428;61.000000;;;;;;;;;;;;;;;;;;;;;;;;;;;0900-RV-9-10-8394;;1;
931107;20150930;120243;;1.040570;0.129867;5.448274;62.000000;;;;;;;;;;;;;;;;;;;;;;;;;;;0900-RV-9-10-8564;;1;
931107;20150930;120252;;1.040585;0.129908;5.607943;65.000000;;;;;;;;;;;;;;;;;;;;;;;;;;;0900-RV-9-10-8723;;1;
931107;20150930;120301;;1.040602;0.129944;5.768409;55.000000;;;;;;;;;;;;;;;;;;;;;;;;;;;0900-RV-9-10-8884;;1;
931107;20150930;120313;;1.040619;0.129979;5.925586;46.000000;;;;;;;;;;;;;;;;;;;;;;;;;;;0900-RV-9-10-9042;;1;
931107;20150930;120325;;1.040636;0.130015;6.085200;41.000000;;;;;;;;;;;;;;;;;;;;;;;;;;;0900-RV-9-10-9203;;1;
931107;20150930;120339;;1.040656;0.130043;6.239292;36.000000;;;;;;;;;;;;;;;;;;;;;;;;;;;0900-RV-9-10-9357;;1;
931107;20150930;120351;;1.040679;0.130062;6.400933;58.000000;;;;;;;;;;;;;;;;;;;;;;;;;;;0900-RV-9-10-9519;;1;
931107;20150930;120400;;1.040702;0.130079;6.555817;64.000000;;;;;;;;;;;;;;;;;;;;;;;;;;;0900-RV-9-10-9674;;1;
931107;20150930;120410;;1.040727;0.130095;6.721406;52.000000;;;;;;;;;;;;;;;;;;;;;;;;;;;0900-RV-9-10-9841;;1;
931107;20150930;120422;;1.040753;0.130095;6.887628;42.000000;;;;;;;;;;;;;;;;;;;;;;;;;;;0900-RV-9-10-10007;;1;
931107;20150930;120435;;1.040779;0.130092;7.055942;53.000000;;;;;;;;;;;;;;;;;;;;;;;;;;;0900-RV-9-10-10176;;1;
931107;20150930;120445;;1.040804;0.130090;7.213095;57.000000;;;;;;;;;;;;;;;;;;;;;;;;;;;0900-RV-9-10-10333;;1;
931107;20150930;120454;;1.040828;0.130093;7.371529;66.000000;;;;;;;;;;;;;;;;;;;;;;;;;;;0900-RV-9-10-10492;;1;
931107;20150930;120503;;1.040854;0.130097;7.532275;60.000000;;;;;;;;;;;;;;;;;;;;;;;;;;;0900-RV-9-10-10653;;1;
931107;20150930;120513;;1.040879;0.130093;7.695483;57.000000;;;;;;;;;;;;;;;;;;;;;;;;;;;0900-RV-9-10-10816;;1;
931107;20150930;120524;;1.040905;0.130093;7.862421;45.000000;;;;;;;;;;;;;;;;;;;;;;;;;;;0900-RV-9-10-10983;;1;
931107;20150930;120554;;1.040927;0.130122;8.031150;39.000000;;;;;;;;;;;;;;;;;;;;;;;;;;;0900-RV-9-10-11153;;1;
931107;20150930;120607;;1.040947;0.130154;8.197608;51.000000;;;;;;;;;;;;;;;;;;;;;;;;;;;0900-RV-9-10-11320;;1;
931107;20150930;120618;;1.040969;0.130177;8.356846;53.000000;;;;;;;;;;;;;;;;;;;;;;;;;;;0900-RV-9-10-11480;;1;
931107;20150930;120629;;1.040990;0.130204;8.518072;54.000000;;;;;;;;;;;;;;;;;;;;;;;;;;;0900-RV-9-10-11643;;1;
931107;20150930;120639;;1.041009;0.130233;8.670850;54.000000;;;;;;;;;;;;;;;;;;;;;;;;;;;0900-RV-9-10-11797;;1;
931107;20150930;120651;;1.041026;0.130271;8.833727;39.000000;;;;;;;;;;;;;;;;;;;;;;;;;;;0800-RV-9-1-160;;1;
931107;20150930;120707;;1.041041;0.130314;9.000522;55.000000;;;;;;;;;;;;;;;;;;;;;;;;;;;0800-RV-9-1-327;;1;
931107;20150930;120716;;1.041055;0.130358;9.169098;75.000000;;;;;;;;;;;;;;;;;;;;;;;;;;;0800-RV-9-1-496;;1;
931107;20150930;120723;;1.041070;0.130399;9.330993;87.000000;;;;;;;;;;;;;;;;;;;;;;;;;;;0800-RV-9-1-658;;1;
931107;20150930;120730;;1.041084;0.130442;9.498483;81.000000;;;;;;;;;;;;;;;;;;;;;;;;;;;0800-RV-9-1-825;;1;
931107;20150930;120738;;1.041098;0.130484;9.660835;68.000000;;;;;;;;;;;;;;;;;;;;;;;;;;;0800-RV-9-1-988;;1;
931107;20150930;120747;;1.041112;0.130526;9.822715;62.000000;;;;;;;;;;;;;;;;;;;;;;;;;;;0800-RV-9-1-1150;;1;
931107;20150930;120756;;1.041127;0.130570;9.992836;75.000000;;;;;;;;;;;;;;;;;;;;;;;;;;;0800-RV-9-1-1320;;1;
931107;20150930;120803;;1.041142;0.130611;10.153774;86.000000;;;;;;;;;;;;;;;;;;;;;;;;;;;0800-RV-9-1-1482;;1;
931107;20150930;120810;;1.041157;0.130655;10.326840;88.000000;;;;;;;;;;;;;;;;;;;;;;;;;;;0800-RV-9-1-1655;;1;
931107;20150930;120817;;1.041171;0.130699;10.494161;84.000000;;;;;;;;;;;;;;;;;;;;;;;;;;;0800-RV-9-1-1822;;1;
931107;20150930;120825;;1.041186;0.130744;10.667525;72.000000;;;;;;;;;;;;;;;;;;;;;;;;;;;0800-RV-9-1-1996;;1;
931107;20150930;120834;;1.041201;0.130788;10.836124;61.000000;;;;;;;;;;;;;;;;;;;;;;;;;;;0800-RV-9-1-2165;;1;
931107;20150930;120843;;1.041215;0.130830;10.999748;73.000000;;;;;;;;;;;;;;;;;;;;;;;;;;;0800-RV-9-1-2328;;1;
931107;20150930;120851;;1.041229;0.130873;11.165511;74.000000;;;;;;;;;;;;;;;;;;;;;;;;;;;0800-RV-9-1-2494;;1;
931107;20150930;120859;;1.041238;0.130921;11.330336;76.000000;;;;;;;;;;;;;;;;;;;;;;;;;;;0800-RV-9-1-2660;;1;
931107;20150930;120907;;1.041244;0.130972;11.501366;80.000000;;;;;;;;;;;;;;;;;;;;;;;;;;;0800-RV-9-1-2832;;1;
931107;20150930;120914;;1.041251;0.131019;11.656426;80.000000;;;;;;;;;;;;;;;;;;;;;;;;;;;0800-RV-9-1-2987;;1;
931107;20150930;120921;;1.041260;0.131063;11.811393;78.000000;;;;;;;;;;;;;;;;;;;;;;;;;;;0800-RV-9-1-3143;;1;
931107;20150930;120928;;1.041270;0.131107;11.967229;83.000000;;;;;;;;;;;;;;;;;;;;;;;;;;;0800-RV-9-1-3299;;1;
931107;20150930;120935;;1.041280;0.131154;12.130224;82.000000;;;;;;;;;;;;;;;;;;;;;;;;;;;0800-RV-9-1-3462;;1;
931107;20150930;120943;;1.041290;0.131202;12.297813;73.000000;;;;;;;;;;;;;;;;;;;;;;;;;;;0800-RV-9-1-3629;;1;
931107;20150930;120951;;1.041307;0.131242;12.464233;75.000000;;;;;;;;;;;;;;;;;;;;;;;;;;;0800-RV-9-1-3794;;1;
931107;20150930;120959;;1.041324;0.131278;12.624524;71.000000;;;;;;;;;;;;;;;;;;;;;;;;;;;0800-RV-9-1-3954;;1;
931107;20150930;121007;;1.041342;0.131315;12.791868;73.000000;;;;;;;;;;;;;;;;;;;;;;;;;;;0800-RV-9-1-4122;;1;
931107;20150930;121015;;1.041360;0.131353;12.961645;76.000000;;;;;;;;;;;;;;;;;;;;;;;;;;;0800-RV-9-1-4292;;1;
931107;20150930;121023;;1.041379;0.131392;13.134177;77.000000;;;;;;;;;;;;;;;;;;;;;;;;;;;0800-RV-9-1-4465;;1;
931107;20150930;121031;;1.041397;0.131429;13.299157;75.000000;;;;;;;;;;;;;;;;;;;;;;;;;;;0800-RV-9-1-4630;;1;
931107;20150930;121039;;1.041416;0.131468;13.471326;74.000000;;;;;;;;;;;;;;;;;;;;;;;;;;;0800-RV-9-1-4802;;1;
931107;20150930;121047;;1.041433;0.131504;13.631196;72.000000;;;;;;;;;;;;;;;;;;;;;;;;;;;0800-RV-9-1-4962;;1;
931107;20150930;121055;;1.041451;0.131542;13.801346;77.000000;;;;;;;;;;;;;;;;;;;;;;;;;;;0800-RV-9-1-5132;;1;
931107;20150930;121103;;1.041470;0.131577;13.967107;71.000000;;;;;;;;;;;;;;;;;;;;;;;;;;;0800-RV-9-1-5298;;1;
931107;20150930;121113;;1.041489;0.131611;14.127396;55.000000;;;;;;;;;;;;;;;;;;;;;;;;;;;0800-RV-9-1-5459;;1;
931107;20150930;121122;;1.041507;0.131643;14.282197;70.000000;;;;;;;;;;;;;;;;;;;;;;;;;;;0800-RV-9-1-5613;;1;
931107;20150930;121130;;1.041528;0.131676;14.452290;80.000000;;;;;;;;;;;;;;;;;;;;;;;;;;;0800-RV-9-1-5783;;1;
931107;20150930;121138;;1.041551;0.131701;14.623080;75.000000;;;;;;;;;;;;;;;;;;;;;;;;;;;0800-RV-9-1-5953;;1;
931107;20150930;121146;;1.041577;0.131718;14.795665;79.000000;;;;;;;;;;;;;;;;;;;;;;;;;;;0800-RV-9-1-6125;;1;
931107;20150930;121153;;1.041600;0.131732;14.948286;80.000000;;;;;;;;;;;;;;;;;;;;;;;;;;;0800-RV-9-1-6278;;1;
931107;20150930;121200;;1.041623;0.131746;15.106057;79.000000;;;;;;;;;;;;;;;;;;;;;;;;;;;0800-RV-9-1-6436;;1;
931107;20150930;121207;;1.041648;0.131760;15.267350;87.000000;;;;;;;;;;;;;;;;;;;;;;;;;;;0800-RV-9-1-6597;;1;
931107;20150930;121214;;1.041674;0.131775;15.441185;86.000000;;;;;;;;;;;;;;;;;;;;;;;;;;;0800-RV-9-1-6771;;1;
931107;20150930;121222;;1.041700;0.131790;15.612892;66.000000;;;;;;;;;;;;;;;;;;;;;;;;;;;0800-RV-9-1-6943;;1;
931107;20150930;121233;;1.041724;0.131799;15.771212;51.000000;;;;;;;;;;;;;;;;;;;;;;;;;;;0800-RV-9-1-7101;;1;
931107;20150930;121244;;1.041749;0.131812;15.937423;62.000000;;;;;;;;;;;;;;;;;;;;;;;;;;;0800-RV-9-1-7267;;1;
931107;20150930;121252;;1.041773;0.131828;16.095802;77.000000;;;;;;;;;;;;;;;;;;;;;;;;;;;0800-RV-9-1-7425;;1;
931107;20150930;121259;;1.041796;0.131843;16.253141;76.000000;;;;;;;;;;;;;;;;;;;;;;;;;;;0800-RV-9-1-7582;;1;
931107;20150930;121307;;1.041820;0.131860;16.415797;70.000000;;;;;;;;;;;;;;;;;;;;;;;;;;;0800-RV-9-1-7744;;1;
931107;20150930;121316;;1.041845;0.131877;16.584448;63.000000;;;;;;;;;;;;;;;;;;;;;;;;;;;0800-RV-9-1-7912;;1;
931107;20150930;121323;;1.041861;0.131882;16.687703;44.000000;;;;;;;;;;;;;;;;;;;;;;;;;;;0800-RV-9-1-8014;;1;
931107;20150930;121326;;1.041864;0.131874;16.720985;37.000000;;;;;;;;;;;;;;;;;;;;;;;;;;;0800-RV-9-1-8047;;1;
931107;20150930;121329;;1.041864;0.131864;16.754276;41.000000;;;;;;;;;;;;;;;;;;;;;;;;;;;0800-RV-9-1-8081;;1;
931107;20150930;121338;;1.041861;0.131828;16.871718;42.000000;;;;;;;;;;;;;;;;;;;;;;;;;;;0800-RV-9-1-8199;;1;
931107;20150930;121341;;1.041865;0.131821;16.906071;42.000000;;;;;;;;;;;;;;;;;;;;;;;;;;;0800-RV-9-1-8235;;1;
931107;20150930;121352;;1.041890;0.131814;17.071517;55.000000;;;;;;;;;;;;;;;;;;;;;;;;;;;0800-RV-9-1-8399;;1;
931107;20150930;121402;;1.041914;0.131819;17.225062;54.000000;;;;;;;;;;;;;;;;;;;;;;;;;;;0800-RV-9-1-8552;;1;
931107;20150930;121411;;1.041936;0.131836;17.378993;62.000000;;;;;;;;;;;;;;;;;;;;;;;;;;;0800-RV-9-1-8707;;1;
931107;20150930;121420;;1.041953;0.131871;17.537083;66.000000;;;;;;;;;;;;;;;;;;;;;;;;;;;0800-RV-9-1-8865;;1;
931107;20150930;121429;;1.041972;0.131902;17.691951;57.000000;;;;;;;;;;;;;;;;;;;;;;;;;;;0800-RV-9-1-9022;;1;
931107;20150930;121439;;1.041979;0.131946;17.842772;53.000000;;;;;;;;;;;;;;;;;;;;;;;;;;;0800-RV-9-1-9174;;1;
931107;20150930;121449;;1.041980;0.131992;17.991694;51.000000;;;;;;;;;;;;;;;;;;;;;;;;;;;0800-RV-9-1-9321;;1;
931107;20150930;121453;;1.041986;0.132004;18.048164;53.000000;;;;;;;;;;;;;;;;;;;;;;;;;;;0800-RV-9-1-9377;;1;
931107;20150930;121503;;1.042011;0.132022;18.216479;69.000000;;;;;;;;;;;;;;;;;;;;;;;;;;;0800-RV-9-1-9545;;1;
931107;20150930;121511;;1.042034;0.132038;18.374218;67.000000;;;;;;;;;;;;;;;;;;;;;;;;;;;0800-RV-9-1-9702;;1;
931107;20150930;121520;;1.042055;0.132067;18.536992;60.000000;;;;;;;;;;;;;;;;;;;;;;;;;;;0800-RV-9-1-9865;;1;
931107;20150930;121725;;1.042076;0.132098;18.704059;32.000000;;;;;;;;;;;;;;;;;;;;;;;;;;;0800-RV-9-1-10031;;1;
931107;20150930;121736;;1.042097;0.132122;18.860665;59.000000;;;;;;;;;;;;;;;;;;;;;;;;;;;0800-RV-9-1-10187;;1;
931107;20150930;121746;;1.042123;0.132132;19.030072;63.000000;;;;;;;;;;;;;;;;;;;;;;;;;;;0800-RV-9-1-10356;;1;
931107;20150930;121755;;1.042148;0.132140;19.194558;59.000000;;;;;;;;;;;;;;;;;;;;;;;;;;;0800-RV-9-1-10520;;1;
931107;20150930;121800;;1.042159;0.132149;19.268722;52.000000;;;;;;;;;;;;;;;;;;;;;;;;;;;0800-RV-9-1-10596;;1;
931107;20150930;121804;;1.042163;0.132166;19.330161;58.000000;;;;;;;;;;;;;;;;;;;;;;;;;;;0800-RV-9-1-10659;;1;
931107;20150930;121813;;1.042172;0.132209;19.482824;58.000000;;;;;;;;;;;;;;;;;;;;;;;;;;;0800-RV-9-1-10809;;1;
931107;20150930;121823;;1.042197;0.132229;19.653366;68.000000;;;;;;;;;;;;;;;;;;;;;;;;;;;0800-RV-9-1-10978;;1;
931107;20150930;121832;;1.042221;0.132248;19.822079;60.000000;;;;;;;;;;;;;;;;;;;;;;;;;;;0800-RV-9-1-11147;;1;
931107;20150930;121843;;1.042246;0.132269;19.990894;60.000000;;;;;;;;;;;;;;;;;;;;;;;;;;;0800-RV-9-1-11315;;1;
931107;20150930;121852;;1.042267;0.132295;20.150154;71.000000;;;;;;;;;;;;;;;;;;;;;;;;;;;0800-RV-9-1-11474;;1;
931107;20150930;121900;;1.042288;0.132321;20.308974;65.000000;;;;;;;;;;;;;;;;;;;;;;;;;;;0800-RV-9-1-11633;;1;
931107;20150930;121907;;1.042305;0.132328;20.421873;57.000000;;;;;;;;;;;;;;;;;;;;;;;;;;;0800-RV-9-1-11744;;1;
931107;20150930;121916;;1.042329;0.132321;20.576378;59.000000;;;;;;;;;;;;;;;;;;;;;;;;;;;0800-RV-9-1-11898;;1;
931107;20150930;121926;;1.042353;0.132341;20.740633;58.000000;;;;;;;;;;;;;;;;;;;;;;;;;;;0800-RV-9-1-12061;;1;
931107;20150930;121936;;1.042378;0.132345;20.905935;55.000000;;;;;;;;;;;;;;;;;;;;;;;;;;;0800-RV-9-1-12226;;1;
931107;20150930;121941;;1.042388;0.132336;20.975021;47.000000;;;;;;;;;;;;;;;;;;;;;;;;;;;0800-RV-9-1-12294;;1;
931107;20150930;121946;;1.042397;0.132327;21.042017;47.000000;;;;;;;;;;;;;;;;;;;;;;;;;;;0800-RV-9-1-12364;;1;
931107;20150930;121949;;1.042403;0.132331;21.081542;47.000000;;;;;;;;;;;;;;;;;;;;;;;;;;;0800-RV-9-1-12406;;1;
931107;20150930;122001;;1.042426;0.132352;21.243281;50.000000;;;;;;;;;;;;;;;;;;;;;;;;;;;0800-RV-9-1-12568;;1;
931107;20150930;122010;;1.042444;0.132357;21.361988;46.000000;;;;;;;;;;;;;;;;;;;;;;;;;;;0800-RV-9-1-12686;;1;
931107;20150930;122022;;1.042467;0.132340;21.517550;51.000000;;;;;;;;;;;;;;;;;;;;;;;;;;;0800-RV-9-1-12844;;1;
931107;20150930;122031;;1.042486;0.132337;21.638779;47.000000;;;;;;;;;;;;;;;;;;;;;;;;;;;0800-RV-9-1-12966;;1;
931107;20150930;122044;;1.042506;0.132310;21.800716;49.000000;;;;;;;;;;;;;;;;;;;;;;;;;;;0800-RV-9-1-13133;;1;
931107;20150930;122058;;1.042517;0.132267;21.955072;22.000000;;;;;;;;;;;;;;;;;;;;;;;;;;;0800-RV-9-1-13294;;1;
931107;20150930;122100;;1.042518;0.132268;21.967502;21.000000;;;;;;;;;;;;;;;;;;;;;;;;;;;0800-RV-9-1-13309;;1;
931107;20150930;122102;;1.042519;0.132272;21.981831;26.000000;;;;;;;;;;;;;;;;;;;;;;;;;;;0800-RV-9-1-13324;;1;
931107;20150930;122104;;1.042519;0.132278;21.999612;35.000000;;;;;;;;;;;;;;;;;;;;;;;;;;;0800-RV-9-1-13341;;1;
931107;20150930;122116;;1.042513;0.132326;22.159761;42.000000;;;;;;;;;;;;;;;;;;;;;;;;;;;0800-RV-9-1-13504;;1;
931107;20150930;122122;;1.042511;0.132340;22.207681;23.000000;;;;;;;;;;;;;;;;;;;;;;;;;;;0800-RV-9-1-13558;;1;
931107;20150930;122124;;1.042513;0.132341;22.218880;23.000000;;;;;;;;;;;;;;;;;;;;;;;;;;;0800-RV-9-1-13568;;1;
931107;20150930;122125;;1.042514;0.132341;22.226095;26.000000;;;;;;;;;;;;;;;;;;;;;;;;;;;0800-RV-9-1-13575;;1;
931107;20150930;122127;;1.042516;0.132337;22.242277;31.000000;;;;;;;;;;;;;;;;;;;;;;;;;;;0800-RV-9-1-13589;;1;
931107;20150930;122137;;1.042526;0.132309;22.356341;43.000000;;;;;;;;;;;;;;;;;;;;;;;;;;;0800-RV-9-1-13713;;1;
931107;20150930;122140;;1.042531;0.132310;22.392778;45.000000;;;;;;;;;;;;;;;;;;;;;;;;;;;0800-RV-9-1-13752;;1;
931107;20150930;122145;;1.042540;0.132311;22.450538;45.000000;;;;;;;;;;;;;;;;;;;;;;;;;;;0800-RV-9-1-13808;;1;
931107;20150930;122149;;1.042546;0.132301;22.503624;52.000000;;;;;;;;;;;;;;;;;;;;;;;;;;;0800-RV-9-1-13859;;1;
931107;20150930;122158;;1.042553;0.132267;22.623080;46.000000;;;;;;;;;;;;;;;;;;;;;;;;;;;0800-RV-9-1-13976;;1;
931107;20150930;122208;;1.042547;0.132219;22.781911;66.000000;;;;;;;;;;;;;;;;;;;;;;;;;;;0800-RV-9-1-14135;;1;
931107;20150930;122216;;1.042540;0.132170;22.946315;75.000000;;;;;;;;;;;;;;;;;;;;;;;;;;;0800-RV-9-1-14299;;1;
931107;20150930;122224;;1.042535;0.132120;23.109880;78.000000;;;;;;;;;;;;;;;;;;;;;;;;;;;0800-RV-9-1-14462;;1;
931107;20150930;122232;;1.042537;0.132067;23.280380;75.000000;;;;;;;;;;;;;;;;;;;;;;;;;;;0800-RV-9-1-14632;;1;
931107;20150930;122240;;1.042543;0.132017;23.447529;74.000000;;;;;;;;;;;;;;;;;;;;;;;;;;;0800-RV-9-1-14800;;1;
931107;20150930;122248;;1.042549;0.131967;23.610853;72.000000;;;;;;;;;;;;;;;;;;;;;;;;;;;0800-RV-9-1-14963;;1;
931107;20150930;122256;;1.042557;0.131919;23.773876;71.000000;;;;;;;;;;;;;;;;;;;;;;;;;;;0800-RV-9-1-15127;;1;
931107;20150930;122303;;1.042560;0.131877;23.914837;71.000000;;;;;;;;;;;;;;;;;;;;;;;;;;;0800-RV-9-1-15268;;1;
931107;20150930;122311;;1.042555;0.131829;24.069599;70.000000;;;;;;;;;;;;;;;;;;;;;;;;;;;0800-RV-9-1-15423;;1;
931107;20150930;122317;;1.042557;0.131801;24.162444;43.000000;;;;;;;;;;;;;;;;;;;;;;;;;;;0800-RV-9-1-15516;;1;
931107;20150930;122319;;1.042560;0.131797;24.185674;39.000000;;;;;;;;;;;;;;;;;;;;;;;;;;;0800-RV-9-1-15540;;1;
931107;20150930;122322;;1.042564;0.131797;24.216142;32.000000;;;;;;;;;;;;;;;;;;;;;;;;;;;0800-RV-9-1-15572;;1;
931107;20150930;122329;;1.042570;0.131802;24.257764;15.000000;;;;;;;;;;;;;;;;;;;;;;;;;;;0800-EV-134-18-25900;;1;
931107;20150930;122331;;1.042570;0.131806;24.268951;21.000000;;;;;;;;;;;;;;;;;;;;;;;;;;;0800-EV-134-18-25890;;1;
931107;20150930;122344;;1.042569;0.131855;24.429559;61.000000;;;;;;;;;;;;;;;;;;;;;;;;;;;0800-EV-134-18-25725;;1;
931107;20150930;122352;;1.042579;0.131899;24.587134;78.000000;;;;;;;;;;;;;;;;;;;;;;;;;;;0800-EV-134-18-25566;;1;
931107;20150930;122359;;1.042586;0.131946;24.744295;82.000000;;;;;;;;;;;;;;;;;;;;;;;;;;;0800-EV-134-18-25407;;1;
931107;20150930;122406;;1.042595;0.131992;24.901757;75.000000;;;;;;;;;;;;;;;;;;;;;;;;;;;0800-EV-134-18-25249;;1;
931107;20150930;122422;;1.042602;0.132037;25.054794;15.000000;;;;;;;;;;;;;;;;;;;;;;;;;;;0800-FV-362-2-22999;;1;
931107;20150930;122424;;1.042603;0.132036;25.065524;22.000000;;;;;;;;;;;;;;;;;;;;;;;;;;;0800-FV-362-2-22985;;1;
931107;20150930;122508;;1.042622;0.132036;25.184785;4.000000;;;;;;;;;;;;;;;;;;;;;;;;;;;0800-FV-362-2-22836;;1;
931107;20150930;122514;;1.042623;0.132038;25.193935;7.000000;;;;;;;;;;;;;;;;;;;;;;;;;;;0800-FV-362-2-22827;;1;
931107;20150930;122910;;1.042635;0.132091;25.380871;34.000000;;;;;;;;;;;;;;;;;;;;;;;;;;;0800-FV-362-2-22624;;1;
931107;20150930;122925;;1.042645;0.132138;25.544492;21.000000;;;;;;;;;;;;;;;;;;;;;;;;;;;0800-FV-362-2-22445;;1;
931107;20150930;122929;End;1.042645;0.132143;25.563519;17.000000;;;;;;;;;;;;;;;;;;;;;;;;;;;0800-FV-362-2-22433;;1;
0002;931200
